ObjectType = Image
NDims = 3
AnatomicalOrientation = RAI
BinaryData = True
CompressedData = False
DimSize = 0 0 1699
ElementSpacing = 1 1 1
Offset = 0 0 0
TransformMatrix = 1 0 0 0 1 0 0 0 1
ElementType = MET_UCHAR
Kinds = domain domain list
Seq_Frame0000_Sequence_1Transform =-0.851773 -0.483233 0.202409 294.445 -0.497844 0.866895 -0.0253858 55.4599 -0.1632 -0.122391 -0.978972 2063.19 0 0 0 1 
Seq_Frame0000_Sequence_1TransformStatus = OK
Seq_Frame0000_Timestamp = 0.015
Seq_Frame0001_Sequence_1Transform =-0.846121 -0.484676 0.221741 294.19 -0.500865 0.865298 -0.019859 55.5539 -0.182247 -0.127865 -0.974903 2062.73 0 0 0 1 
Seq_Frame0001_Sequence_1TransformStatus = OK
Seq_Frame0001_Timestamp = 0.050
Seq_Frame0002_Sequence_1Transform =-0.841225 -0.485498 0.237977 293.791 -0.503842 0.863582 -0.0192324 55.6753 -0.196175 -0.136081 -0.97108 2061.95 0 0 0 1 
Seq_Frame0002_Sequence_1TransformStatus = OK
Seq_Frame0002_Timestamp = 0.086
Seq_Frame0003_Sequence_1Transform =-0.839058 -0.485221 0.246052 293.453 -0.502963 0.86424 -0.0108398 55.693 -0.207389 -0.13285 -0.969196 2061.44 0 0 0 1 
Seq_Frame0003_Sequence_1TransformStatus = OK
Seq_Frame0003_Timestamp = 0.138
Seq_Frame0004_Sequence_1Transform =-0.838975 -0.485364 0.246056 293.366 -0.501941 0.864885 -0.00541489 55.7354 -0.210182 -0.128048 -0.969241 2060.95 0 0 0 1 
Seq_Frame0004_Sequence_1TransformStatus = OK
Seq_Frame0004_Timestamp = 0.178
Seq_Frame0005_Sequence_1Transform =-0.840099 -0.484977 0.242962 293.311 -0.501473 0.865144 -0.00704753 55.8169 -0.206779 -0.12776 -0.97001 2060.38 0 0 0 1 
Seq_Frame0005_Sequence_1TransformStatus = OK
Seq_Frame0005_Timestamp = 0.212
Seq_Frame0006_Sequence_1Transform =-0.838102 -0.483335 0.252928 293.186 -0.500559 0.865691 -0.00435354 55.993 -0.216854 -0.130254 -0.967475 2059.73 0 0 0 1 
Seq_Frame0006_Sequence_1TransformStatus = OK
Seq_Frame0006_Timestamp = 0.260
Seq_Frame0007_Sequence_1Transform =-0.842662 -0.48249 0.239009 293.324 -0.500088 0.86584 -0.0152558 56.2491 -0.199583 -0.132381 -0.970898 2059.25 0 0 0 1 
Seq_Frame0007_Sequence_1TransformStatus = OK
Seq_Frame0007_Timestamp = 0.299
Seq_Frame0008_Sequence_1Transform =-0.852701 -0.480245 0.205586 293.527 -0.496172 0.867667 -0.031096 56.5319 -0.163447 -0.128522 -0.978145 2058.69 0 0 0 1 
Seq_Frame0008_Sequence_1TransformStatus = OK
Seq_Frame0008_Timestamp = 0.342
Seq_Frame0009_Sequence_1Transform =-0.853507 -0.479305 0.204432 293.486 -0.493902 0.869181 -0.0241962 56.6469 -0.166091 -0.121621 -0.978582 2058.33 0 0 0 1 
Seq_Frame0009_Sequence_1TransformStatus = OK
Seq_Frame0009_Timestamp = 0.379
Seq_Frame0010_Sequence_1Transform =-0.855008 -0.478269 0.200548 293.461 -0.491266 0.87083 -0.0176784 56.8091 -0.166189 -0.113638 -0.979524 2057.97 0 0 0 1 
Seq_Frame0010_Sequence_1TransformStatus = OK
Seq_Frame0010_Timestamp = 0.427
Seq_Frame0011_Sequence_1Transform =-0.853666 -0.477563 0.207817 293.627 -0.494257 0.868645 -0.0341533 57.1175 -0.164209 -0.13187 -0.977571 2057.09 0 0 0 1 
Seq_Frame0011_Sequence_1TransformStatus = OK
Seq_Frame0011_Timestamp = 0.500
Seq_Frame0012_Sequence_1Transform =-0.849817 -0.47748 0.223211 293.574 -0.494998 0.868482 -0.0267648 57.0884 -0.181075 -0.133234 -0.974403 2056.72 0 0 0 1 
Seq_Frame0012_Sequence_1TransformStatus = OK
Seq_Frame0012_Timestamp = 0.535
Seq_Frame0013_Sequence_1Transform =-0.852855 -0.476896 0.212625 293.558 -0.493148 0.869499 -0.0278581 57.2131 -0.171591 -0.128614 -0.976737 2056.08 0 0 0 1 
Seq_Frame0013_Sequence_1TransformStatus = OK
Seq_Frame0013_Timestamp = 0.573
Seq_Frame0014_Sequence_1Transform =-0.851581 -0.476768 0.217948 293.465 -0.494143 0.868859 -0.0300926 57.2579 -0.175019 -0.133324 -0.975496 2055.62 0 0 0 1 
Seq_Frame0014_Sequence_1TransformStatus = OK
Seq_Frame0014_Timestamp = 0.609
Seq_Frame0015_Sequence_1Transform =-0.851598 -0.477184 0.216972 293.354 -0.493674 0.869262 -0.0258707 57.2223 -0.176261 -0.129145 -0.975835 2054.95 0 0 0 1 
Seq_Frame0015_Sequence_1TransformStatus = OK
Seq_Frame0015_Timestamp = 0.670
Seq_Frame0016_Sequence_1Transform =-0.853012 -0.477598 0.210404 293.342 -0.494599 0.868461 -0.0338569 57.4119 -0.166557 -0.132946 -0.977028 2054.3 0 0 0 1 
Seq_Frame0016_Sequence_1TransformStatus = OK
Seq_Frame0016_Timestamp = 0.724
Seq_Frame0017_Sequence_1Transform =-0.850807 -0.478322 0.217566 293.414 -0.495984 0.867748 -0.0318236 57.5103 -0.173571 -0.134985 -0.975527 2053.63 0 0 0 1 
Seq_Frame0017_Sequence_1TransformStatus = OK
Seq_Frame0017_Timestamp = 0.775
Seq_Frame0018_Sequence_1Transform =-0.848859 -0.478975 0.223654 293.539 -0.497443 0.866928 -0.0313955 57.6016 -0.178854 -0.137905 -0.974163 2052.74 0 0 0 1 
Seq_Frame0018_Sequence_1TransformStatus = OK
Seq_Frame0018_Timestamp = 0.826
Seq_Frame0019_Sequence_1Transform =-0.848401 -0.47971 0.223818 293.74 -0.496414 0.867814 -0.021708 57.6839 -0.183819 -0.129523 -0.974389 2052.02 0 0 0 1 
Seq_Frame0019_Sequence_1TransformStatus = OK
Seq_Frame0019_Timestamp = 0.877
Seq_Frame0020_Sequence_1Transform =-0.851728 -0.480181 0.209726 293.982 -0.495986 0.867906 -0.0271482 57.7895 -0.168986 -0.127144 -0.977383 2051.82 0 0 0 1 
Seq_Frame0020_Sequence_1TransformStatus = OK
Seq_Frame0020_Timestamp = 0.917
Seq_Frame0021_Sequence_1Transform =-0.853825 -0.481613 0.197566 294.483 -0.495559 0.868208 -0.0252092 57.9275 -0.159388 -0.11943 -0.979965 2050.96 0 0 0 1 
Seq_Frame0021_Sequence_1TransformStatus = OK
Seq_Frame0021_Timestamp = 0.971
Seq_Frame0022_Sequence_1Transform =-0.84728 -0.480518 0.226317 294.688 -0.499703 0.865568 -0.0329951 58.1219 -0.180038 -0.141047 -0.973495 2048.81 0 0 0 1 
Seq_Frame0022_Sequence_1TransformStatus = OK
Seq_Frame0022_Timestamp = 1.014
Seq_Frame0023_Sequence_1Transform =-0.848545 -0.481453 0.219488 295.352 -0.500504 0.864911 -0.0377521 58.4737 -0.171662 -0.141889 -0.974885 2048.26 0 0 0 1 
Seq_Frame0023_Sequence_1TransformStatus = OK
Seq_Frame0023_Timestamp = 1.062
Seq_Frame0024_Sequence_1Transform =-0.849491 -0.481348 0.21603 295.52 -0.498609 0.866292 -0.0304381 58.4786 -0.172494 -0.133572 -0.975912 2047.9 0 0 0 1 
Seq_Frame0024_Sequence_1TransformStatus = OK
Seq_Frame0024_Timestamp = 1.096
Seq_Frame0025_Sequence_1Transform =-0.848998 -0.480838 0.219084 295.699 -0.497895 0.866817 -0.0269941 58.5058 -0.176926 -0.131999 -0.975332 2047.09 0 0 0 1 
Seq_Frame0025_Sequence_1TransformStatus = OK
Seq_Frame0025_Timestamp = 1.130
Seq_Frame0026_Sequence_1Transform =-0.848036 -0.480764 0.222938 295.936 -0.498989 0.866074 -0.0304257 58.6524 -0.178454 -0.137046 -0.974358 2046.46 0 0 0 1 
Seq_Frame0026_Sequence_1TransformStatus = OK
Seq_Frame0026_Timestamp = 1.164
Seq_Frame0027_Sequence_1Transform =-0.843229 -0.479312 0.243362 296.138 -0.499166 0.866186 -0.0235781 58.6744 -0.199495 -0.14136 -0.969649 2045.22 0 0 0 1 
Seq_Frame0027_Sequence_1TransformStatus = OK
Seq_Frame0027_Timestamp = 1.219
Seq_Frame0028_Sequence_1Transform =-0.84622 -0.478537 0.23434 296.672 -0.497742 0.866901 -0.0271162 58.8705 -0.190173 -0.139587 -0.971777 2044.55 0 0 0 1 
Seq_Frame0028_Sequence_1TransformStatus = OK
Seq_Frame0028_Timestamp = 1.263
Seq_Frame0029_Sequence_1Transform =-0.850848 -0.478129 0.217832 297.075 -0.496863 0.86701 -0.0377001 59.1228 -0.170837 -0.14031 -0.975258 2044.02 0 0 0 1 
Seq_Frame0029_Sequence_1TransformStatus = OK
Seq_Frame0029_Timestamp = 1.311
Seq_Frame0030_Sequence_1Transform =-0.850814 -0.477375 0.219609 297.578 -0.495284 0.868153 -0.0316914 59.38 -0.175526 -0.135732 -0.975073 2043.43 0 0 0 1 
Seq_Frame0030_Sequence_1TransformStatus = OK
Seq_Frame0030_Timestamp = 1.354
Seq_Frame0031_Sequence_1Transform =-0.845647 -0.476927 0.23963 297.664 -0.495423 0.868423 -0.01994 59.3682 -0.19859 -0.13558 -0.97066 2042.55 0 0 0 1 
Seq_Frame0031_Sequence_1TransformStatus = OK
Seq_Frame0031_Timestamp = 1.396
Seq_Frame0032_Sequence_1Transform =-0.84523 -0.475645 0.243617 297.745 -0.495779 0.868082 -0.0252397 59.4164 -0.199474 -0.142113 -0.969543 2041.42 0 0 0 1 
Seq_Frame0032_Sequence_1TransformStatus = OK
Seq_Frame0032_Timestamp = 1.439
Seq_Frame0033_Sequence_1Transform =-0.843986 -0.475728 0.24773 297.782 -0.496273 0.867829 -0.0242088 59.4572 -0.203471 -0.143374 -0.968526 2040.97 0 0 0 1 
Seq_Frame0033_Sequence_1TransformStatus = OK
Seq_Frame0033_Timestamp = 1.476
Seq_Frame0034_Sequence_1Transform =-0.844664 -0.475676 0.24551 298.288 -0.49921 0.865532 -0.0405366 59.8985 -0.193214 -0.156801 -0.968546 2039.45 0 0 0 1 
Seq_Frame0034_Sequence_1TransformStatus = OK
Seq_Frame0034_Timestamp = 1.537
Seq_Frame0035_Sequence_1Transform =-0.840844 -0.477197 0.25547 298.703 -0.501119 0.864703 -0.0341701 60.1474 -0.2046 -0.156753 -0.966213 2038.52 0 0 0 1 
Seq_Frame0035_Sequence_1TransformStatus = OK
Seq_Frame0035_Timestamp = 1.571
Seq_Frame0036_Sequence_1Transform =-0.845691 -0.474856 0.243556 299.082 -0.495879 0.867882 -0.029733 60.1907 -0.197259 -0.145919 -0.969431 2037.82 0 0 0 1 
Seq_Frame0036_Sequence_1TransformStatus = OK
Seq_Frame0036_Timestamp = 1.608
Seq_Frame0037_Sequence_1Transform =-0.843527 -0.47486 0.250939 299.455 -0.497512 0.866868 -0.0319749 60.2064 -0.202347 -0.151817 -0.967475 2036.82 0 0 0 1 
Seq_Frame0037_Sequence_1TransformStatus = OK
Seq_Frame0037_Timestamp = 1.660
Seq_Frame0038_Sequence_1Transform =-0.844011 -0.474106 0.250737 299.742 -0.500705 0.86408 -0.0515874 60.3562 -0.192199 -0.169086 -0.96668 2035.06 0 0 0 1 
Seq_Frame0038_Sequence_1TransformStatus = OK
Seq_Frame0038_Timestamp = 1.706
Seq_Frame0039_Sequence_1Transform =-0.846154 -0.474317 0.242994 299.937 -0.499056 0.865183 -0.0490016 60.349 -0.186992 -0.162731 -0.968789 2033.91 0 0 0 1 
Seq_Frame0039_Sequence_1TransformStatus = OK
Seq_Frame0039_Timestamp = 1.740
Seq_Frame0040_Sequence_1Transform =-0.843356 -0.47402 0.253093 300.055 -0.500052 0.864735 -0.046706 60.2725 -0.196719 -0.16595 -0.966314 2032.59 0 0 0 1 
Seq_Frame0040_Sequence_1TransformStatus = OK
Seq_Frame0040_Timestamp = 1.784
Seq_Frame0041_Sequence_1Transform =-0.843044 -0.475178 0.25196 300.461 -0.500173 0.864885 -0.0424398 60.4118 -0.19775 -0.161802 -0.966807 2032.19 0 0 0 1 
Seq_Frame0041_Sequence_1TransformStatus = OK
Seq_Frame0041_Timestamp = 1.823
Seq_Frame0042_Sequence_1Transform =-0.844182 -0.475448 0.247601 300.664 -0.49996 0.864945 -0.0437032 60.4773 -0.193383 -0.160684 -0.967876 2031.92 0 0 0 1 
Seq_Frame0042_Sequence_1TransformStatus = OK
Seq_Frame0042_Timestamp = 1.857
Seq_Frame0043_Sequence_1Transform =-0.844724 -0.475152 0.246318 300.807 -0.500819 0.864066 -0.0507103 60.5611 -0.18874 -0.166197 -0.967862 2031.29 0 0 0 1 
Seq_Frame0043_Sequence_1TransformStatus = OK
Seq_Frame0043_Timestamp = 1.894
Seq_Frame0044_Sequence_1Transform =-0.839694 -0.475146 0.262964 300.929 -0.502957 0.863054 -0.0465983 60.5599 -0.204811 -0.171388 -0.96368 2029.55 0 0 0 1 
Seq_Frame0044_Sequence_1TransformStatus = OK
Seq_Frame0044_Timestamp = 1.970
Seq_Frame0045_Sequence_1Transform =-0.84418 -0.475205 0.248073 301.144 -0.502316 0.862834 -0.0565253 60.6396 -0.187185 -0.172329 -0.967091 2028.33 0 0 0 1 
Seq_Frame0045_Sequence_1TransformStatus = OK
Seq_Frame0045_Timestamp = 2.009
Seq_Frame0046_Sequence_1Transform =-0.843366 -0.474903 0.251397 301.149 -0.502314 0.862935 -0.0549898 60.6759 -0.190824 -0.172657 -0.966321 2027.72 0 0 0 1 
Seq_Frame0046_Sequence_1TransformStatus = OK
Seq_Frame0046_Timestamp = 2.045
Seq_Frame0047_Sequence_1Transform =-0.844436 -0.474698 0.248173 301.32 -0.50358 0.861444 -0.0657412 60.8543 -0.18258 -0.180489 -0.966482 2026.8 0 0 0 1 
Seq_Frame0047_Sequence_1TransformStatus = OK
Seq_Frame0047_Timestamp = 2.079
Seq_Frame0048_Sequence_1Transform =-0.844306 -0.473857 0.250213 301.557 -0.502693 0.862125 -0.0635565 60.9453 -0.185598 -0.179442 -0.966103 2025.21 0 0 0 1 
Seq_Frame0048_Sequence_1TransformStatus = OK
Seq_Frame0048_Timestamp = 2.132
Seq_Frame0049_Sequence_1Transform =-0.834583 -0.474287 0.280219 301.764 -0.504554 0.862297 -0.0432373 61.106 -0.221126 -0.177471 -0.958962 2024.27 0 0 0 1 
Seq_Frame0049_Sequence_1TransformStatus = OK
Seq_Frame0049_Timestamp = 2.168
Seq_Frame0050_Sequence_1Transform =-0.842942 -0.473028 0.256309 302.036 -0.499851 0.864786 -0.0479022 61.1678 -0.198993 -0.168495 -0.965407 2023.76 0 0 0 1 
Seq_Frame0050_Sequence_1TransformStatus = OK
Seq_Frame0050_Timestamp = 2.205
Seq_Frame0051_Sequence_1Transform =-0.847269 -0.471555 0.244482 302.464 -0.497122 0.866105 -0.0522743 61.2758 -0.187096 -0.165827 -0.968244 2022.57 0 0 0 1 
Seq_Frame0051_Sequence_1TransformStatus = OK
Seq_Frame0051_Timestamp = 2.241
Seq_Frame0052_Sequence_1Transform =-0.845064 -0.470469 0.25402 302.669 -0.499771 0.863892 -0.0626107 61.443 -0.189989 -0.179862 -0.96517 2020.93 0 0 0 1 
Seq_Frame0052_Sequence_1TransformStatus = OK
Seq_Frame0052_Timestamp = 2.278
Seq_Frame0053_Sequence_1Transform =-0.844159 -0.471965 0.254251 303.124 -0.501012 0.863293 -0.0609244 61.7167 -0.190739 -0.178813 -0.965217 2019.43 0 0 0 1 
Seq_Frame0053_Sequence_1TransformStatus = OK
Seq_Frame0053_Timestamp = 2.324
Seq_Frame0054_Sequence_1Transform =-0.846433 -0.471891 0.24672 303.559 -0.501254 0.862456 -0.0700921 61.9336 -0.179709 -0.182998 -0.966549 2018.54 0 0 0 1 
Seq_Frame0054_Sequence_1TransformStatus = OK
Seq_Frame0054_Timestamp = 2.389
Seq_Frame0055_Sequence_1Transform =-0.840443 -0.473513 0.263516 303.947 -0.503594 0.862051 -0.0571124 62.1464 -0.200121 -0.180705 -0.962963 2017.35 0 0 0 1 
Seq_Frame0055_Sequence_1TransformStatus = OK
Seq_Frame0055_Timestamp = 2.440
Seq_Frame0056_Sequence_1Transform =-0.838848 -0.474366 0.267042 304.021 -0.503173 0.862861 -0.0478339 62.2616 -0.207729 -0.174494 -0.962497 2016.73 0 0 0 1 
Seq_Frame0056_Sequence_1TransformStatus = OK
Seq_Frame0056_Timestamp = 2.500
Seq_Frame0057_Sequence_1Transform =-0.837126 -0.47449 0.272174 304.001 -0.503844 0.862574 -0.0459182 62.2815 -0.212983 -0.175573 -0.961152 2016.19 0 0 0 1 
Seq_Frame0057_Sequence_1TransformStatus = OK
Seq_Frame0057_Timestamp = 2.535
Seq_Frame0058_Sequence_1Transform =-0.838367 -0.474258 0.268739 304.08 -0.504467 0.861811 -0.0528659 62.4205 -0.20653 -0.179891 -0.961761 2015.42 0 0 0 1 
Seq_Frame0058_Sequence_1TransformStatus = OK
Seq_Frame0058_Timestamp = 2.573
Seq_Frame0059_Sequence_1Transform =-0.841644 -0.47403 0.258711 304.166 -0.503513 0.861997 -0.0586238 62.5511 -0.195218 -0.179604 -0.964174 2014.94 0 0 0 1 
Seq_Frame0059_Sequence_1TransformStatus = OK
Seq_Frame0059_Timestamp = 2.621
Seq_Frame0060_Sequence_1Transform =-0.843344 -0.472601 0.255772 304.259 -0.503033 0.861713 -0.0664 62.5497 -0.189021 -0.18466 -0.964454 2013.68 0 0 0 1 
Seq_Frame0060_Sequence_1TransformStatus = OK
Seq_Frame0060_Timestamp = 2.684
Seq_Frame0061_Sequence_1Transform =-0.842681 -0.472406 0.258305 304.321 -0.503605 0.861271 -0.0677843 62.6285 -0.190449 -0.187204 -0.963682 2013.33 0 0 0 1 
Seq_Frame0061_Sequence_1TransformStatus = OK
Seq_Frame0061_Timestamp = 2.720
Seq_Frame0062_Sequence_1Transform =-0.851717 -0.473626 0.22418 304.844 -0.501374 0.860955 -0.0859044 62.9144 -0.152322 -0.185564 -0.970754 2011.8 0 0 0 1 
Seq_Frame0062_Sequence_1TransformStatus = OK
Seq_Frame0062_Timestamp = 2.769
Seq_Frame0063_Sequence_1Transform =-0.839621 -0.474025 0.26521 304.953 -0.506645 0.859488 -0.0677601 62.8243 -0.195825 -0.19126 -0.961807 2009.77 0 0 0 1 
Seq_Frame0063_Sequence_1TransformStatus = OK
Seq_Frame0063_Timestamp = 2.809
Seq_Frame0064_Sequence_1Transform =-0.843138 -0.472386 0.256846 305.265 -0.503452 0.861297 -0.0685824 62.8226 -0.188823 -0.187134 -0.964016 2009.09 0 0 0 1 
Seq_Frame0064_Sequence_1TransformStatus = OK
Seq_Frame0064_Timestamp = 2.844
Seq_Frame0065_Sequence_1Transform =-0.843643 -0.471691 0.256462 305.696 -0.500811 0.863528 -0.0592183 62.8022 -0.19353 -0.178398 -0.964738 2008.58 0 0 0 1 
Seq_Frame0065_Sequence_1TransformStatus = OK
Seq_Frame0065_Timestamp = 2.888
Seq_Frame0066_Sequence_1Transform =-0.847222 -0.472362 0.243082 306.011 -0.50176 0.86183 -0.0740751 62.9464 -0.174505 -0.184727 -0.967173 2007.7 0 0 0 1 
Seq_Frame0066_Sequence_1TransformStatus = OK
Seq_Frame0066_Timestamp = 2.937
Seq_Frame0067_Sequence_1Transform =-0.846375 -0.472594 0.245569 306.508 -0.505958 0.857457 -0.0936643 63.2027 -0.1663 -0.203523 -0.964843 2005.49 0 0 0 1 
Seq_Frame0067_Sequence_1TransformStatus = OK
Seq_Frame0067_Timestamp = 2.985
Seq_Frame0068_Sequence_1Transform =-0.841106 -0.474211 0.260124 307.211 -0.505822 0.859968 -0.0678253 63.2605 -0.191535 -0.188625 -0.96319 2004.7 0 0 0 1 
Seq_Frame0068_Sequence_1TransformStatus = OK
Seq_Frame0068_Timestamp = 3.044
Seq_Frame0069_Sequence_1Transform =-0.843287 -0.476017 0.249548 307.822 -0.510097 0.855118 -0.0925951 63.6562 -0.169317 -0.205378 -0.963925 2003.15 0 0 0 1 
Seq_Frame0069_Sequence_1TransformStatus = OK
Seq_Frame0069_Timestamp = 3.104
Seq_Frame0070_Sequence_1Transform =-0.837762 -0.476663 0.266361 308.032 -0.510259 0.857077 -0.0711001 63.5 -0.194401 -0.195478 -0.961248 2001.31 0 0 0 1 
Seq_Frame0070_Sequence_1TransformStatus = OK
Seq_Frame0070_Timestamp = 3.162
Seq_Frame0071_Sequence_1Transform =-0.841115 -0.476735 0.255438 308.436 -0.509249 0.857156 -0.0771257 63.5996 -0.182181 -0.194953 -0.963744 2000.41 0 0 0 1 
Seq_Frame0071_Sequence_1TransformStatus = OK
Seq_Frame0071_Timestamp = 3.200
Seq_Frame0072_Sequence_1Transform =-0.841185 -0.476507 0.255635 308.863 -0.511147 0.854941 -0.0883455 63.78 -0.176455 -0.204982 -0.962728 1999.92 0 0 0 1 
Seq_Frame0072_Sequence_1TransformStatus = OK
Seq_Frame0072_Timestamp = 3.234
Seq_Frame0073_Sequence_1Transform =-0.836282 -0.478775 0.267221 309.385 -0.512838 0.855437 -0.0722808 63.8011 -0.193984 -0.197488 -0.960921 1998.74 0 0 0 1 
Seq_Frame0073_Sequence_1TransformStatus = OK
Seq_Frame0073_Timestamp = 3.275
Seq_Frame0074_Sequence_1Transform =-0.842511 -0.480125 0.244245 310.028 -0.513725 0.852548 -0.0961728 64.0795 -0.162055 -0.206501 -0.964933 1997.01 0 0 0 1 
Seq_Frame0074_Sequence_1TransformStatus = OK
Seq_Frame0074_Timestamp = 3.338
Seq_Frame0075_Sequence_1Transform =-0.841483 -0.481269 0.245532 310.224 -0.515451 0.851309 -0.0978908 64.1729 -0.161912 -0.208934 -0.964433 1995.99 0 0 0 1 
Seq_Frame0075_Sequence_1TransformStatus = OK
Seq_Frame0075_Timestamp = 3.372
Seq_Frame0076_Sequence_1Transform =-0.838952 -0.481872 0.252899 310.286 -0.515833 0.852221 -0.0873778 64.1393 -0.173421 -0.20376 -0.963539 1995.29 0 0 0 1 
Seq_Frame0076_Sequence_1TransformStatus = OK
Seq_Frame0076_Timestamp = 3.411
Seq_Frame0077_Sequence_1Transform =-0.836403 -0.482663 0.259744 310.519 -0.517763 0.851246 -0.0854447 64.2007 -0.179865 -0.205952 -0.96189 1994.36 0 0 0 1 
Seq_Frame0077_Sequence_1TransformStatus = OK
Seq_Frame0077_Timestamp = 3.452
Seq_Frame0078_Sequence_1Transform =-0.834211 -0.483132 0.265848 310.967 -0.519131 0.850646 -0.083093 64.4659 -0.185997 -0.207327 -0.960427 1992.97 0 0 0 1 
Seq_Frame0078_Sequence_1TransformStatus = OK
Seq_Frame0078_Timestamp = 3.493
Seq_Frame0079_Sequence_1Transform =-0.838013 -0.485959 0.24815 311.479 -0.518844 0.850464 -0.0866716 64.7819 -0.168923 -0.201383 -0.964837 1992.08 0 0 0 1 
Seq_Frame0079_Sequence_1TransformStatus = OK
Seq_Frame0079_Timestamp = 3.540
Seq_Frame0080_Sequence_1Transform =-0.829062 -0.487772 0.273374 311.887 -0.525107 0.847183 -0.0808913 65.0493 -0.192142 -0.210615 -0.9585 1990.75 0 0 0 1 
Seq_Frame0080_Sequence_1TransformStatus = OK
Seq_Frame0080_Timestamp = 3.591
Seq_Frame0081_Sequence_1Transform =-0.832223 -0.489769 0.259868 312.637 -0.524985 0.846832 -0.0852457 65.4924 -0.178314 -0.20737 -0.961874 1990.08 0 0 0 1 
Seq_Frame0081_Sequence_1TransformStatus = OK
Seq_Frame0081_Timestamp = 3.626
Seq_Frame0082_Sequence_1Transform =-0.839472 -0.492421 0.229801 313.282 -0.523167 0.846715 -0.0967935 65.8761 -0.146913 -0.20148 -0.968412 1988.62 0 0 0 1 
Seq_Frame0082_Sequence_1TransformStatus = OK
Seq_Frame0082_Timestamp = 3.675
Seq_Frame0083_Sequence_1Transform =-0.839761 -0.493583 0.226222 313.532 -0.524348 0.84538 -0.101941 66.0008 -0.140927 -0.204225 -0.968727 1987.57 0 0 0 1 
Seq_Frame0083_Sequence_1TransformStatus = OK
Seq_Frame0083_Timestamp = 3.718
Seq_Frame0084_Sequence_1Transform =-0.82882 -0.495171 0.260504 313.777 -0.533775 0.839355 -0.102799 66.137 -0.167753 -0.224252 -0.959984 1986.57 0 0 0 1 
Seq_Frame0084_Sequence_1TransformStatus = OK
Seq_Frame0084_Timestamp = 3.760
Seq_Frame0085_Sequence_1Transform =-0.828338 -0.497923 0.256765 314.231 -0.535639 0.838196 -0.102555 66.3719 -0.164155 -0.222484 -0.961017 1985.76 0 0 0 1 
Seq_Frame0085_Sequence_1TransformStatus = OK
Seq_Frame0085_Timestamp = 3.805
Seq_Frame0086_Sequence_1Transform =-0.835373 -0.499525 0.229405 314.823 -0.529811 0.842903 -0.0938885 66.4445 -0.146467 -0.199973 -0.968792 1984.75 0 0 0 1 
Seq_Frame0086_Sequence_1TransformStatus = OK
Seq_Frame0086_Timestamp = 3.851
Seq_Frame0087_Sequence_1Transform =-0.818516 -0.50245 0.278523 314.876 -0.539153 0.839257 -0.0704447 66.4765 -0.198358 -0.207827 -0.957842 1983.9 0 0 0 1 
Seq_Frame0087_Sequence_1TransformStatus = OK
Seq_Frame0087_Timestamp = 3.896
Seq_Frame0088_Sequence_1Transform =-0.819439 -0.50304 0.274719 315.379 -0.545065 0.832158 -0.102063 66.9025 -0.177268 -0.233374 -0.956092 1982.08 0 0 0 1 
Seq_Frame0088_Sequence_1TransformStatus = OK
Seq_Frame0088_Timestamp = 3.942
Seq_Frame0089_Sequence_1Transform =-0.819487 -0.501523 0.277336 315.58 -0.540865 0.836812 -0.0849216 66.7533 -0.189488 -0.219594 -0.957013 1980.87 0 0 0 1 
Seq_Frame0089_Sequence_1TransformStatus = OK
Seq_Frame0089_Timestamp = 3.983
Seq_Frame0090_Sequence_1Transform =-0.816575 -0.505576 0.278565 316.04 -0.543395 0.836079 -0.0754632 67.0987 -0.19475 -0.212992 -0.957448 1980.71 0 0 0 1 
Seq_Frame0090_Sequence_1TransformStatus = OK
Seq_Frame0090_Timestamp = 4.022
Seq_Frame0091_Sequence_1Transform =-0.813984 -0.505276 0.286577 316.156 -0.544651 0.835381 -0.0741142 67.2047 -0.201953 -0.216412 -0.955186 1980.18 0 0 0 1 
Seq_Frame0091_Sequence_1TransformStatus = OK
Seq_Frame0091_Timestamp = 4.063
Seq_Frame0092_Sequence_1Transform =-0.827326 -0.505472 0.245009 316.68 -0.539457 0.836555 -0.0957174 67.5396 -0.156581 -0.211361 -0.964784 1978.85 0 0 0 1 
Seq_Frame0092_Sequence_1TransformStatus = OK
Seq_Frame0092_Timestamp = 4.106
Seq_Frame0093_Sequence_1Transform =-0.827396 -0.505739 0.244221 316.856 -0.540126 0.835707 -0.0992887 67.6906 -0.153883 -0.214061 -0.964623 1978.47 0 0 0 1 
Seq_Frame0093_Sequence_1TransformStatus = OK
Seq_Frame0093_Timestamp = 4.141
Seq_Frame0094_Sequence_1Transform =-0.825299 -0.50681 0.249049 317.267 -0.541843 0.83492 -0.0965159 67.8583 -0.159021 -0.2146 -0.96367 1977.14 0 0 0 1 
Seq_Frame0094_Sequence_1TransformStatus = OK
Seq_Frame0094_Timestamp = 4.175
Seq_Frame0095_Sequence_1Transform =-0.821077 -0.506591 0.263057 317.258 -0.543282 0.834945 -0.0878164 67.8166 -0.175151 -0.215018 -0.960775 1976.7 0 0 0 1 
Seq_Frame0095_Sequence_1TransformStatus = OK
Seq_Frame0095_Timestamp = 4.210
Seq_Frame0096_Sequence_1Transform =-0.819663 -0.507613 0.265484 317.39 -0.544765 0.834042 -0.0872109 67.9737 -0.177155 -0.21611 -0.960163 1976.14 0 0 0 1 
Seq_Frame0096_Sequence_1TransformStatus = OK
Seq_Frame0096_Timestamp = 4.252
Seq_Frame0097_Sequence_1Transform =-0.817402 -0.510875 0.266196 317.719 -0.548495 0.83145 -0.0885603 68.2667 -0.176085 -0.218397 -0.959842 1975.54 0 0 0 1 
Seq_Frame0097_Sequence_1TransformStatus = OK
Seq_Frame0097_Timestamp = 4.287
Seq_Frame0098_Sequence_1Transform =-0.808677 -0.511761 0.290074 317.69 -0.552875 0.82964 -0.077634 68.2613 -0.200927 -0.223155 -0.95385 1974.88 0 0 0 1 
Seq_Frame0098_Sequence_1TransformStatus = OK
Seq_Frame0098_Timestamp = 4.324
Seq_Frame0099_Sequence_1Transform =-0.805239 -0.511546 0.299851 317.697 -0.55382 0.829506 -0.0721262 68.2668 -0.211833 -0.224143 -0.951256 1974.24 0 0 0 1 
Seq_Frame0099_Sequence_1TransformStatus = OK
Seq_Frame0099_Timestamp = 4.360
Seq_Frame0100_Sequence_1Transform =-0.810219 -0.513325 0.282917 318.059 -0.553332 0.829075 -0.0803618 68.5792 -0.193308 -0.221658 -0.955772 1972.95 0 0 0 1 
Seq_Frame0100_Sequence_1TransformStatus = OK
Seq_Frame0100_Timestamp = 4.414
Seq_Frame0101_Sequence_1Transform =-0.821429 -0.513696 0.247732 318.739 -0.548706 0.830284 -0.0977243 68.9939 -0.155488 -0.216206 -0.963887 1971.88 0 0 0 1 
Seq_Frame0101_Sequence_1TransformStatus = OK
Seq_Frame0101_Timestamp = 4.477
Seq_Frame0102_Sequence_1Transform =-0.8155 -0.51404 0.265938 318.817 -0.552664 0.82807 -0.0941459 69.1253 -0.17182 -0.22375 -0.959382 1970.98 0 0 0 1 
Seq_Frame0102_Sequence_1TransformStatus = OK
Seq_Frame0102_Timestamp = 4.511
Seq_Frame0103_Sequence_1Transform =-0.813241 -0.515192 0.270584 318.838 -0.555046 0.826411 -0.0947074 69.1771 -0.174821 -0.227206 -0.958027 1969.77 0 0 0 1 
Seq_Frame0103_Sequence_1TransformStatus = OK
Seq_Frame0103_Timestamp = 4.561
Seq_Frame0104_Sequence_1Transform =-0.816815 -0.517347 0.255275 319.013 -0.554918 0.82557 -0.102474 69.3372 -0.157733 -0.225359 -0.961423 1968.93 0 0 0 1 
Seq_Frame0104_Sequence_1TransformStatus = OK
Seq_Frame0104_Timestamp = 4.608
Seq_Frame0105_Sequence_1Transform =-0.818947 -0.51938 0.244071 319.369 -0.55601 0.823399 -0.113433 69.4794 -0.142053 -0.228602 -0.9631 1967.77 0 0 0 1 
Seq_Frame0105_Sequence_1TransformStatus = OK
Seq_Frame0105_Timestamp = 4.657
Seq_Frame0106_Sequence_1Transform =-0.817382 -0.521302 0.245217 319.641 -0.558004 0.822245 -0.112 69.6218 -0.143243 -0.228379 -0.962977 1967.48 0 0 0 1 
Seq_Frame0106_Sequence_1TransformStatus = OK
Seq_Frame0106_Timestamp = 4.692
Seq_Frame0107_Sequence_1Transform =-0.80834 -0.521798 0.272605 319.775 -0.561466 0.822543 -0.090439 69.6859 -0.177038 -0.226164 -0.957866 1967.23 0 0 0 1 
Seq_Frame0107_Sequence_1TransformStatus = OK
Seq_Frame0107_Timestamp = 4.726
Seq_Frame0108_Sequence_1Transform =-0.811012 -0.521886 0.264375 320.263 -0.558046 0.825768 -0.081798 69.9393 -0.175623 -0.213873 -0.960945 1966.73 0 0 0 1 
Seq_Frame0108_Sequence_1TransformStatus = OK
Seq_Frame0108_Timestamp = 4.761
Seq_Frame0109_Sequence_1Transform =-0.807549 -0.524408 0.269928 320.917 -0.562128 0.822865 -0.0830947 70.3154 -0.178539 -0.218837 -0.959288 1966.19 0 0 0 1 
Seq_Frame0109_Sequence_1TransformStatus = OK
Seq_Frame0109_Timestamp = 4.795
Seq_Frame0110_Sequence_1Transform =-0.806109 -0.52587 0.271383 321.682 -0.565644 0.819474 -0.0922438 70.7562 -0.173883 -0.227865 -0.958041 1965.86 0 0 0 1 
Seq_Frame0110_Sequence_1TransformStatus = OK
Seq_Frame0110_Timestamp = 4.830
Seq_Frame0111_Sequence_1Transform =-0.802413 -0.526949 0.280103 322.315 -0.566422 0.820275 -0.0794742 70.9732 -0.187882 -0.222427 -0.956675 1965.44 0 0 0 1 
Seq_Frame0111_Sequence_1TransformStatus = OK
Seq_Frame0111_Timestamp = 4.875
Seq_Frame0112_Sequence_1Transform =-0.801606 -0.532866 0.271076 323.39 -0.572289 0.815091 -0.0900719 71.8661 -0.172955 -0.227336 -0.958335 1963.92 0 0 0 1 
Seq_Frame0112_Sequence_1TransformStatus = OK
Seq_Frame0112_Timestamp = 4.934
Seq_Frame0113_Sequence_1Transform =-0.793383 -0.5377 0.285347 324.072 -0.577857 0.812654 -0.0753386 72.0372 -0.191379 -0.224662 -0.955459 1963.43 0 0 0 1 
Seq_Frame0113_Sequence_1TransformStatus = OK
Seq_Frame0113_Timestamp = 4.984
Seq_Frame0114_Sequence_1Transform =-0.788848 -0.538405 0.296374 324.17 -0.581041 0.810487 -0.0741725 72.1608 -0.200273 -0.230717 -0.952187 1962.88 0 0 0 1 
Seq_Frame0114_Sequence_1TransformStatus = OK
Seq_Frame0114_Timestamp = 5.029
Seq_Frame0115_Sequence_1Transform =-0.800732 -0.5418 0.2555 325.178 -0.579574 0.80853 -0.101849 72.7053 -0.151397 -0.229635 -0.961429 1961.28 0 0 0 1 
Seq_Frame0115_Sequence_1TransformStatus = OK
Seq_Frame0115_Timestamp = 5.076
Seq_Frame0116_Sequence_1Transform =-0.785343 -0.545069 0.29349 325.569 -0.587385 0.805804 -0.0752308 72.8236 -0.195489 -0.231473 -0.952997 1961.26 0 0 0 1 
Seq_Frame0116_Sequence_1TransformStatus = OK
Seq_Frame0116_Timestamp = 5.119
Seq_Frame0117_Sequence_1Transform =-0.796266 -0.548378 0.255425 326.813 -0.585788 0.804367 -0.099229 73.2617 -0.151041 -0.228638 -0.961723 1959.67 0 0 0 1 
Seq_Frame0117_Sequence_1TransformStatus = OK
Seq_Frame0117_Timestamp = 5.174
Seq_Frame0118_Sequence_1Transform =-0.79289 -0.555476 0.250543 328.048 -0.589322 0.803582 -0.0834075 73.5008 -0.155001 -0.213784 -0.964506 1958.95 0 0 0 1 
Seq_Frame0118_Sequence_1TransformStatus = OK
Seq_Frame0118_Timestamp = 5.210
Seq_Frame0119_Sequence_1Transform =-0.792455 -0.556702 0.249194 328.466 -0.593397 0.798174 -0.103918 73.7307 -0.141049 -0.230221 -0.962862 1958.42 0 0 0 1 
Seq_Frame0119_Sequence_1TransformStatus = OK
Seq_Frame0119_Timestamp = 5.244
Seq_Frame0120_Sequence_1Transform =-0.776089 -0.5639 0.282315 329.337 -0.604508 0.792733 -0.0783882 74.0432 -0.179597 -0.231498 -0.956114 1958.2 0 0 0 1 
Seq_Frame0120_Sequence_1TransformStatus = OK
Seq_Frame0120_Timestamp = 5.281
Seq_Frame0121_Sequence_1Transform =-0.7771 -0.567803 0.271505 330.357 -0.606033 0.79147 -0.0793714 74.2202 -0.169821 -0.226221 -0.959159 1957.79 0 0 0 1 
Seq_Frame0121_Sequence_1TransformStatus = OK
Seq_Frame0121_Timestamp = 5.319
Seq_Frame0122_Sequence_1Transform =-0.770843 -0.568745 0.286932 331.197 -0.608757 0.790369 -0.0687886 74.5072 -0.187659 -0.227697 -0.955478 1956.51 0 0 0 1 
Seq_Frame0122_Sequence_1TransformStatus = OK
Seq_Frame0122_Timestamp = 5.360
Seq_Frame0123_Sequence_1Transform =-0.780122 -0.569932 0.258045 332.111 -0.606896 0.789568 -0.090888 75.2473 -0.151944 -0.22751 -0.961848 1955.68 0 0 0 1 
Seq_Frame0123_Sequence_1TransformStatus = OK
Seq_Frame0123_Timestamp = 5.423
Seq_Frame0124_Sequence_1Transform =-0.774352 -0.571026 0.272598 332.159 -0.609088 0.789393 -0.0766129 75.4258 -0.171439 -0.225361 -0.959073 1955.2 0 0 0 1 
Seq_Frame0124_Sequence_1TransformStatus = OK
Seq_Frame0124_Timestamp = 5.461
Seq_Frame0125_Sequence_1Transform =-0.77534 -0.570881 0.270079 332.809 -0.607095 0.79157 -0.0696613 76.2869 -0.174018 -0.217975 -0.960315 1953.64 0 0 0 1 
Seq_Frame0125_Sequence_1TransformStatus = OK
Seq_Frame0125_Timestamp = 5.524
Seq_Frame0126_Sequence_1Transform =-0.776224 -0.572057 0.265005 333.632 -0.608382 0.789915 -0.0768457 76.9747 -0.165371 -0.220874 -0.96118 1952.93 0 0 0 1 
Seq_Frame0126_Sequence_1TransformStatus = OK
Seq_Frame0126_Timestamp = 5.563
Seq_Frame0127_Sequence_1Transform =-0.770898 -0.57337 0.277422 333.975 -0.611229 0.788447 -0.0689298 77.1844 -0.17921 -0.222706 -0.958272 1952.18 0 0 0 1 
Seq_Frame0127_Sequence_1TransformStatus = OK
Seq_Frame0127_Timestamp = 5.604
Seq_Frame0128_Sequence_1Transform =-0.77517 -0.573356 0.265283 334.513 -0.609491 0.789216 -0.0752299 77.509 -0.166232 -0.220004 -0.961231 1951.09 0 0 0 1 
Seq_Frame0128_Sequence_1TransformStatus = OK
Seq_Frame0128_Timestamp = 5.640
Seq_Frame0129_Sequence_1Transform =-0.778337 -0.574159 0.254032 334.829 -0.608596 0.789381 -0.0805516 77.8367 -0.154279 -0.217299 -0.963836 1950.43 0 0 0 1 
Seq_Frame0129_Sequence_1TransformStatus = OK
Seq_Frame0129_Timestamp = 5.676
Seq_Frame0130_Sequence_1Transform =-0.774719 -0.574285 0.264589 335.097 -0.610807 0.787894 -0.0783433 78.0488 -0.163476 -0.222307 -0.961174 1949.73 0 0 0 1 
Seq_Frame0130_Sequence_1TransformStatus = OK
Seq_Frame0130_Timestamp = 5.712
Seq_Frame0131_Sequence_1Transform =-0.777547 -0.575792 0.252751 335.54 -0.610182 0.788011 -0.081957 78.3342 -0.151981 -0.21795 -0.964054 1949.15 0 0 0 1 
Seq_Frame0131_Sequence_1TransformStatus = OK
Seq_Frame0131_Timestamp = 5.760
Seq_Frame0132_Sequence_1Transform =-0.76426 -0.577579 0.286896 335.95 -0.615712 0.78582 -0.0581791 78.4535 -0.191846 -0.221109 -0.956193 1948.28 0 0 0 1 
Seq_Frame0132_Sequence_1TransformStatus = OK
Seq_Frame0132_Timestamp = 5.810
Seq_Frame0133_Sequence_1Transform =-0.769893 -0.576766 0.273139 336.213 -0.614206 0.785874 -0.0717866 78.7206 -0.173248 -0.223031 -0.959292 1947.39 0 0 0 1 
Seq_Frame0133_Sequence_1TransformStatus = OK
Seq_Frame0133_Timestamp = 5.845
Seq_Frame0134_Sequence_1Transform =-0.771213 -0.57697 0.268953 336.371 -0.613786 0.786014 -0.0738185 78.924 -0.16881 -0.222009 -0.96032 1946.72 0 0 0 1 
Seq_Frame0134_Sequence_1TransformStatus = OK
Seq_Frame0134_Timestamp = 5.880
Seq_Frame0135_Sequence_1Transform =-0.764872 -0.577552 0.285315 336.569 -0.617108 0.783992 -0.0673358 79.1698 -0.184795 -0.227574 -0.956065 1946.26 0 0 0 1 
Seq_Frame0135_Sequence_1TransformStatus = OK
Seq_Frame0135_Timestamp = 5.924
Seq_Frame0136_Sequence_1Transform =-0.760024 -0.579666 0.293856 336.772 -0.619489 0.782864 -0.0579431 79.3962 -0.196462 -0.226079 -0.954092 1946.05 0 0 0 1 
Seq_Frame0136_Sequence_1TransformStatus = OK
Seq_Frame0136_Timestamp = 5.984
Seq_Frame0137_Sequence_1Transform =-0.764312 -0.580842 0.28009 337.102 -0.619055 0.782527 -0.0665024 79.7035 -0.180551 -0.22422 -0.957667 1945.72 0 0 0 1 
Seq_Frame0137_Sequence_1TransformStatus = OK
Seq_Frame0137_Timestamp = 6.020
Seq_Frame0138_Sequence_1Transform =-0.774642 -0.580017 0.252011 337.292 -0.614319 0.784773 -0.0821207 79.997 -0.15014 -0.218429 -0.964234 1945.53 0 0 0 1 
Seq_Frame0138_Sequence_1TransformStatus = OK
Seq_Frame0138_Timestamp = 6.055
Seq_Frame0139_Sequence_1Transform =-0.755933 -0.57966 0.304235 337.103 -0.619602 0.783527 -0.0466712 80.1092 -0.211323 -0.223785 -0.951453 1945.01 0 0 0 1 
Seq_Frame0139_Sequence_1TransformStatus = OK
Seq_Frame0139_Timestamp = 6.108
Seq_Frame0140_Sequence_1Transform =-0.762678 -0.579881 0.286461 337.397 -0.61713 0.785008 -0.0539699 80.388 -0.193578 -0.217945 -0.956571 1944.15 0 0 0 1 
Seq_Frame0140_Sequence_1TransformStatus = OK
Seq_Frame0140_Timestamp = 6.154
Seq_Frame0141_Sequence_1Transform =-0.771277 -0.579169 0.264 337.636 -0.614264 0.785962 -0.0703129 80.6961 -0.166771 -0.216397 -0.961956 1943.08 0 0 0 1 
Seq_Frame0141_Sequence_1TransformStatus = OK
Seq_Frame0141_Timestamp = 6.197
Seq_Frame0142_Sequence_1Transform =-0.763784 -0.578166 0.28698 337.711 -0.616845 0.784738 -0.0607259 80.7963 -0.190095 -0.223404 -0.95601 1941.9 0 0 0 1 
Seq_Frame0142_Sequence_1TransformStatus = OK
Seq_Frame0142_Timestamp = 6.238
Seq_Frame0143_Sequence_1Transform =-0.761042 -0.577558 0.295367 337.854 -0.617506 0.784493 -0.0570727 80.9321 -0.19875 -0.225825 -0.953678 1940.71 0 0 0 1 
Seq_Frame0143_Sequence_1TransformStatus = OK
Seq_Frame0143_Timestamp = 6.282
Seq_Frame0144_Sequence_1Transform =-0.766514 -0.58005 0.275678 338.39 -0.61861 0.782182 -0.0742498 81.5726 -0.172562 -0.227451 -0.958378 1939.5 0 0 0 1 
Seq_Frame0144_Sequence_1TransformStatus = OK
Seq_Frame0144_Timestamp = 6.341
Seq_Frame0145_Sequence_1Transform =-0.763132 -0.581683 0.281558 338.938 -0.617402 0.784944 -0.0517525 81.8515 -0.190904 -0.213329 -0.958148 1937.61 0 0 0 1 
Seq_Frame0145_Sequence_1TransformStatus = OK
Seq_Frame0145_Timestamp = 6.379
Seq_Frame0146_Sequence_1Transform =-0.764077 -0.582415 0.277451 339.501 -0.620943 0.780594 -0.0714305 82.3409 -0.174974 -0.226859 -0.958081 1935.76 0 0 0 1 
Seq_Frame0146_Sequence_1TransformStatus = OK
Seq_Frame0146_Timestamp = 6.422
Seq_Frame0147_Sequence_1Transform =-0.766189 -0.58485 0.266279 339.856 -0.620462 0.781139 -0.069634 82.5536 -0.167275 -0.218569 -0.961378 1934.87 0 0 0 1 
Seq_Frame0147_Sequence_1TransformStatus = OK
Seq_Frame0147_Timestamp = 6.457
Seq_Frame0148_Sequence_1Transform =-0.764004 -0.58751 0.2667 340.29 -0.621604 0.781015 -0.0601949 82.8268 -0.172932 -0.211771 -0.961898 1933.59 0 0 0 1 
Seq_Frame0148_Sequence_1TransformStatus = OK
Seq_Frame0148_Timestamp = 6.495
Seq_Frame0149_Sequence_1Transform =-0.76159 -0.590602 0.266779 340.844 -0.625866 0.777106 -0.0663201 83.3756 -0.168147 -0.217476 -0.961473 1931.09 0 0 0 1 
Seq_Frame0149_Sequence_1TransformStatus = OK
Seq_Frame0149_Timestamp = 6.548
Seq_Frame0150_Sequence_1Transform =-0.759701 -0.594399 0.263714 341.33 -0.628024 0.775839 -0.0604926 83.9166 -0.168643 -0.211575 -0.962702 1928.7 0 0 0 1 
Seq_Frame0150_Sequence_1TransformStatus = OK
Seq_Frame0150_Timestamp = 6.603
Seq_Frame0151_Sequence_1Transform =-0.754208 -0.598363 0.270429 342.307 -0.632478 0.772674 -0.0542875 84.712 -0.17647 -0.211985 -0.961208 1926.28 0 0 0 1 
Seq_Frame0151_Sequence_1TransformStatus = OK
Seq_Frame0151_Timestamp = 6.657
Seq_Frame0152_Sequence_1Transform =-0.756308 -0.601733 0.256741 342.919 -0.634282 0.770576 -0.062444 85.3354 -0.160263 -0.210073 -0.964461 1924.79 0 0 0 1 
Seq_Frame0152_Sequence_1TransformStatus = OK
Seq_Frame0152_Timestamp = 6.692
Seq_Frame0153_Sequence_1Transform =-0.752314 -0.605463 0.259689 343.365 -0.638031 0.767805 -0.0582329 85.9355 -0.164133 -0.209499 -0.963935 1922.94 0 0 0 1 
Seq_Frame0153_Sequence_1TransformStatus = OK
Seq_Frame0153_Timestamp = 6.735
Seq_Frame0154_Sequence_1Transform =-0.743138 -0.609131 0.276959 343.806 -0.641145 0.766658 -0.0341722 86.306 -0.191518 -0.202966 -0.960274 1921.83 0 0 0 1 
Seq_Frame0154_Sequence_1TransformStatus = OK
Seq_Frame0154_Timestamp = 6.771
Seq_Frame0155_Sequence_1Transform =-0.743093 -0.613975 0.266171 344.403 -0.644025 0.764193 -0.0352228 86.8542 -0.18178 -0.197595 -0.963282 1919.64 0 0 0 1 
Seq_Frame0155_Sequence_1TransformStatus = OK
Seq_Frame0155_Timestamp = 6.824
Seq_Frame0156_Sequence_1Transform =-0.74143 -0.616639 0.264645 345.022 -0.64712 0.761397 -0.0388716 87.417 -0.17753 -0.200077 -0.963562 1917.4 0 0 0 1 
Seq_Frame0156_Sequence_1TransformStatus = OK
Seq_Frame0156_Timestamp = 6.869
Seq_Frame0157_Sequence_1Transform =-0.737172 -0.619219 0.270453 345.665 -0.648574 0.760702 -0.026142 88.0292 -0.189547 -0.19468 -0.962378 1915.57 0 0 0 1 
Seq_Frame0157_Sequence_1TransformStatus = OK
Seq_Frame0157_Timestamp = 6.904
Seq_Frame0158_Sequence_1Transform =-0.744936 -0.620402 0.2453 346.163 -0.649053 0.759003 -0.0514322 88.4038 -0.154275 -0.197526 -0.968082 1914.68 0 0 0 1 
Seq_Frame0158_Sequence_1TransformStatus = OK
Seq_Frame0158_Timestamp = 6.948
Seq_Frame0159_Sequence_1Transform =-0.744102 -0.622938 0.241373 346.791 -0.647406 0.761537 -0.0304354 88.7843 -0.164855 -0.178913 -0.969955 1912.62 0 0 0 1 
Seq_Frame0159_Sequence_1TransformStatus = OK
Seq_Frame0159_Timestamp = 6.997
Seq_Frame0160_Sequence_1Transform =-0.73603 -0.627098 0.254967 347.438 -0.652271 0.757741 -0.0192691 89.2494 -0.181116 -0.18049 -0.966758 1910.78 0 0 0 1 
Seq_Frame0160_Sequence_1TransformStatus = OK
Seq_Frame0160_Timestamp = 7.040
Seq_Frame0161_Sequence_1Transform =-0.739323 -0.628131 0.242596 347.75 -0.651939 0.757875 -0.02452 89.5336 -0.168456 -0.176286 -0.969818 1908.7 0 0 0 1 
Seq_Frame0161_Sequence_1TransformStatus = OK
Seq_Frame0161_Timestamp = 7.075
Seq_Frame0162_Sequence_1Transform =-0.739196 -0.630066 0.23792 348.17 -0.653196 0.756764 -0.0253412 89.8406 -0.164083 -0.174141 -0.970954 1906.17 0 0 0 1 
Seq_Frame0162_Sequence_1TransformStatus = OK
Seq_Frame0162_Timestamp = 7.125
Seq_Frame0163_Sequence_1Transform =-0.739726 -0.631736 0.231767 348.516 -0.654196 0.755813 -0.0278367 90.1398 -0.157587 -0.172213 -0.972373 1905.26 0 0 0 1 
Seq_Frame0163_Sequence_1TransformStatus = OK
Seq_Frame0163_Timestamp = 7.166
Seq_Frame0164_Sequence_1Transform =-0.740348 -0.634859 0.220996 349.326 -0.655626 0.754536 -0.0288117 90.812 -0.148458 -0.166221 -0.974849 1902.66 0 0 0 1 
Seq_Frame0164_Sequence_1TransformStatus = OK
Seq_Frame0164_Timestamp = 7.208
Seq_Frame0165_Sequence_1Transform =-0.72878 -0.636679 0.252033 349.631 -0.660008 0.75118 -0.0108698 91.2675 -0.182401 -0.174265 -0.967658 1900.87 0 0 0 1 
Seq_Frame0165_Sequence_1TransformStatus = OK
Seq_Frame0165_Timestamp = 7.242
Seq_Frame0166_Sequence_1Transform =-0.734926 -0.63857 0.228281 350.401 -0.659181 0.751736 -0.0193325 91.9998 -0.159262 -0.164686 -0.973403 1898.98 0 0 0 1 
Seq_Frame0166_Sequence_1TransformStatus = OK
Seq_Frame0166_Timestamp = 7.283
Seq_Frame0167_Sequence_1Transform =-0.729226 -0.641113 0.239173 350.992 -0.659735 0.751493 0.00291162 92.5839 -0.181603 -0.155667 -0.970973 1897.26 0 0 0 1 
Seq_Frame0167_Sequence_1TransformStatus = OK
Seq_Frame0167_Timestamp = 7.324
Seq_Frame0168_Sequence_1Transform =-0.726399 -0.642947 0.242824 351.556 -0.664483 0.747247 -0.00922284 93.3307 -0.17552 -0.168052 -0.970027 1895.52 0 0 0 1 
Seq_Frame0168_Sequence_1TransformStatus = OK
Seq_Frame0168_Timestamp = 7.360
Seq_Frame0169_Sequence_1Transform =-0.731521 -0.644453 0.222616 352.166 -0.662242 0.749256 -0.0071134 93.7295 -0.162212 -0.152629 -0.97488 1893.89 0 0 0 1 
Seq_Frame0169_Sequence_1TransformStatus = OK
Seq_Frame0169_Timestamp = 7.403
Seq_Frame0170_Sequence_1Transform =-0.724299 -0.647767 0.236197 352.628 -0.665322 0.746523 0.00711414 94.2855 -0.180935 -0.151994 -0.971679 1890.97 0 0 0 1 
Seq_Frame0170_Sequence_1TransformStatus = OK
