ObjectType = Image
NDims = 3
AnatomicalOrientation = RAI
BinaryData = True
CompressedData = False
DimSize = 0 0 1300
ElementSpacing = 1 1 1
Offset = 0 0 0
TransformMatrix = 1 0 0 0 1 0 0 0 1
ElementType = MET_UCHAR
Kinds = domain domain list
Seq_Frame0000_Sequence_1Transform =-0.76042 -0.468255 0.449998 210.506 -0.533624 0.845436 -0.0219968 37.362 -0.370144 -0.256856 -0.892759 2084.8 0 0 0 1 
Seq_Frame0000_Sequence_1TransformStatus = OK
Seq_Frame0000_Timestamp = 0.027
Seq_Frame0001_Sequence_1Transform =-0.76042 -0.468255 0.449998 210.506 -0.533624 0.845436 -0.0219968 37.362 -0.370144 -0.256856 -0.892759 2084.8 0 0 0 1 
Seq_Frame0001_Sequence_1TransformStatus = OK
Seq_Frame0001_Timestamp = 0.157
Seq_Frame0002_Sequence_1Transform =-0.76042 -0.468255 0.449998 210.506 -0.533624 0.845436 -0.0219968 37.362 -0.370144 -0.256856 -0.892759 2084.8 0 0 0 1 
Seq_Frame0002_Sequence_1TransformStatus = OK
Seq_Frame0002_Timestamp = 0.282
Seq_Frame0003_Sequence_1Transform =-0.759174 -0.46409 0.456372 214.983 -0.514979 0.857073 0.014901 38.1524 -0.39806 -0.22371 -0.889664 2080.34 0 0 0 1 
Seq_Frame0003_Sequence_1TransformStatus = OK
Seq_Frame0003_Timestamp = 0.397
Seq_Frame0004_Sequence_1Transform =-0.759682 -0.473802 0.445415 215.722 -0.508924 0.859563 0.0463436 37.8694 -0.40482 -0.191476 -0.894124 2079.92 0 0 0 1 
Seq_Frame0004_Sequence_1TransformStatus = OK
Seq_Frame0004_Timestamp = 0.444
Seq_Frame0005_Sequence_1Transform =-0.758394 -0.471479 0.450052 216.35 -0.511923 0.858257 0.0364624 38.3337 -0.403451 -0.202739 -0.892258 2076.24 0 0 0 1 
Seq_Frame0005_Sequence_1TransformStatus = OK
Seq_Frame0005_Timestamp = 0.495
Seq_Frame0006_Sequence_1Transform =-0.758013 -0.474539 0.44747 216.668 -0.511469 0.858191 0.043678 38.4905 -0.404742 -0.195759 -0.893232 2075.35 0 0 0 1 
Seq_Frame0006_Sequence_1TransformStatus = OK
Seq_Frame0006_Timestamp = 0.529
Seq_Frame0007_Sequence_1Transform =-0.760505 -0.474666 0.443085 216.747 -0.510953 0.858545 0.0427448 38.3626 -0.400698 -0.193888 -0.89546 2073.92 0 0 0 1 
Seq_Frame0007_Sequence_1TransformStatus = OK
Seq_Frame0007_Timestamp = 0.568
Seq_Frame0008_Sequence_1Transform =-0.76689 -0.477398 0.428917 216.994 -0.513019 0.857569 0.0372403 38.4785 -0.385605 -0.191483 -0.902576 2073.29 0 0 0 1 
Seq_Frame0008_Sequence_1TransformStatus = OK
Seq_Frame0008_Timestamp = 0.607
Seq_Frame0009_Sequence_1Transform =-0.753321 -0.481631 0.447815 217.263 -0.517468 0.854335 0.0483572 38.8854 -0.405875 -0.195301 -0.892817 2072.67 0 0 0 1 
Seq_Frame0009_Sequence_1TransformStatus = OK
Seq_Frame0009_Timestamp = 0.650
Seq_Frame0010_Sequence_1Transform =-0.753609 -0.489581 0.438615 217.421 -0.525293 0.849684 0.0458806 39.4568 -0.395147 -0.195825 -0.897503 2072.26 0 0 0 1 
Seq_Frame0010_Sequence_1TransformStatus = OK
Seq_Frame0010_Timestamp = 0.693
Seq_Frame0011_Sequence_1Transform =-0.750619 -0.493858 0.438947 217.035 -0.523821 0.849696 0.0602324 40.0953 -0.402718 -0.184718 -0.896492 2071.62 0 0 0 1 
Seq_Frame0011_Sequence_1TransformStatus = OK
Seq_Frame0011_Timestamp = 0.737
Seq_Frame0012_Sequence_1Transform =-0.751988 -0.496952 0.433074 216.694 -0.525621 0.848529 0.0610012 41.6225 -0.397791 -0.181761 -0.899292 2071.32 0 0 0 1 
Seq_Frame0012_Sequence_1TransformStatus = OK
Seq_Frame0012_Timestamp = 0.771
Seq_Frame0013_Sequence_1Transform =-0.753609 -0.498071 0.428951 216.155 -0.522876 0.849693 0.0679881 42.9707 -0.398339 -0.173051 -0.900766 2071.26 0 0 0 1 
Seq_Frame0013_Sequence_1TransformStatus = OK
Seq_Frame0013_Timestamp = 0.815
Seq_Frame0014_Sequence_1Transform =-0.752392 -0.503842 0.424323 216.167 -0.518844 0.850171 0.0895016 44.2864 -0.405842 -0.152817 -0.901077 2071.98 0 0 0 1 
Seq_Frame0014_Sequence_1TransformStatus = OK
Seq_Frame0014_Timestamp = 0.866
Seq_Frame0015_Sequence_1Transform =-0.744992 -0.502225 0.439042 216.05 -0.5251 0.847426 0.0783594 45.4494 -0.411409 -0.172164 -0.895043 2071.46 0 0 0 1 
Seq_Frame0015_Sequence_1TransformStatus = OK
Seq_Frame0015_Timestamp = 0.906
Seq_Frame0016_Sequence_1Transform =-0.746612 -0.507292 0.430378 215.977 -0.527114 0.84578 0.0825039 46.1493 -0.405859 -0.16526 -0.89887 2071.56 0 0 0 1 
Seq_Frame0016_Sequence_1TransformStatus = OK
Seq_Frame0016_Timestamp = 0.960
Seq_Frame0017_Sequence_1Transform =-0.739444 -0.510987 0.438309 215.832 -0.525062 0.84522 0.0995694 46.55 -0.421346 -0.156513 -0.893292 2070.78 0 0 0 1 
Seq_Frame0017_Sequence_1TransformStatus = OK
Seq_Frame0017_Timestamp = 1.007
Seq_Frame0018_Sequence_1Transform =-0.750291 -0.510639 0.419893 215.465 -0.530569 0.844012 0.0783639 47.1176 -0.39441 -0.163986 -0.904184 2070.26 0 0 0 1 
Seq_Frame0018_Sequence_1TransformStatus = OK
Seq_Frame0018_Timestamp = 1.043
Seq_Frame0019_Sequence_1Transform =-0.747984 -0.5089 0.426076 214.745 -0.53053 0.84417 0.0769125 47.6098 -0.398821 -0.168517 -0.901412 2070.1 0 0 0 1 
Seq_Frame0019_Sequence_1TransformStatus = OK
Seq_Frame0019_Timestamp = 1.083
Seq_Frame0020_Sequence_1Transform =-0.752765 -0.508714 0.417799 214.739 -0.528736 0.845321 0.0766228 48.1443 -0.392153 -0.163226 -0.905303 2070 0 0 0 1 
Seq_Frame0020_Sequence_1TransformStatus = OK
Seq_Frame0020_Timestamp = 1.124
Seq_Frame0021_Sequence_1Transform =-0.746405 -0.504404 0.434116 214.802 -0.522898 0.848018 0.0862669 48.6766 -0.411652 -0.162609 -0.896717 2070.25 0 0 0 1 
Seq_Frame0021_Sequence_1TransformStatus = OK
Seq_Frame0021_Timestamp = 1.166
Seq_Frame0022_Sequence_1Transform =-0.74561 -0.500641 0.439801 214.742 -0.519992 0.849846 0.0858497 48.9656 -0.416743 -0.164683 -0.893982 2070.21 0 0 0 1 
Seq_Frame0022_Sequence_1TransformStatus = OK
Seq_Frame0022_Timestamp = 1.200
Seq_Frame0023_Sequence_1Transform =-0.747775 -0.502176 0.434341 214.526 -0.523211 0.848425 0.0801562 49.2705 -0.408758 -0.167313 -0.897175 2070.31 0 0 0 1 
Seq_Frame0023_Sequence_1TransformStatus = OK
Seq_Frame0023_Timestamp = 1.235
Seq_Frame0024_Sequence_1Transform =-0.747807 -0.502732 0.433641 214.017 -0.517926 0.850386 0.0927214 50.2743 -0.415376 -0.155256 -0.896303 2070 0 0 0 1 
Seq_Frame0024_Sequence_1TransformStatus = OK
Seq_Frame0024_Timestamp = 1.277
Seq_Frame0025_Sequence_1Transform =-0.743636 -0.503534 0.439839 213.849 -0.517074 0.850186 0.0990868 51.4851 -0.423839 -0.153745 -0.892594 2069.43 0 0 0 1 
Seq_Frame0025_Sequence_1TransformStatus = OK
Seq_Frame0025_Timestamp = 1.316
Seq_Frame0026_Sequence_1Transform =-0.751163 -0.503478 0.426923 213.668 -0.514828 0.851616 0.0984967 53.3275 -0.413166 -0.145805 -0.898908 2067.84 0 0 0 1 
Seq_Frame0026_Sequence_1TransformStatus = OK
Seq_Frame0026_Timestamp = 1.368
Seq_Frame0027_Sequence_1Transform =-0.745792 -0.50296 0.436835 213.953 -0.51403 0.851578 0.102901 53.8197 -0.423754 -0.147804 -0.893637 2066.2 0 0 0 1 
Seq_Frame0027_Sequence_1TransformStatus = OK
Seq_Frame0027_Timestamp = 1.422
Seq_Frame0028_Sequence_1Transform =-0.7516 -0.502906 0.426829 214.612 -0.52143 0.849297 0.0824917 54.5958 -0.40399 -0.160561 -0.900562 2063.72 0 0 0 1 
Seq_Frame0028_Sequence_1TransformStatus = OK
Seq_Frame0028_Timestamp = 1.459
Seq_Frame0029_Sequence_1Transform =-0.748154 -0.500312 0.435837 214.847 -0.514258 0.852291 0.0956019 54.7432 -0.419291 -0.152608 -0.894934 2063.23 0 0 0 1 
Seq_Frame0029_Sequence_1TransformStatus = OK
Seq_Frame0029_Timestamp = 1.499
Seq_Frame0030_Sequence_1Transform =-0.740697 -0.504401 0.443787 215.584 -0.513217 0.851083 0.110749 54.349 -0.433562 -0.145728 -0.889262 2057.02 0 0 0 1 
Seq_Frame0030_Sequence_1TransformStatus = OK
Seq_Frame0030_Timestamp = 1.637
Seq_Frame0031_Sequence_1Transform =-0.747082 -0.501909 0.435839 215.921 -0.514236 0.851854 0.0995245 54.6021 -0.421224 -0.149771 -0.894505 2055.35 0 0 0 1 
Seq_Frame0031_Sequence_1TransformStatus = OK
Seq_Frame0031_Timestamp = 1.689
Seq_Frame0032_Sequence_1Transform =-0.750004 -0.500577 0.432339 216.17 -0.514789 0.852186 0.0936555 54.7693 -0.415315 -0.152321 -0.896834 2053.93 0 0 0 1 
Seq_Frame0032_Sequence_1TransformStatus = OK
Seq_Frame0032_Timestamp = 1.742
Seq_Frame0033_Sequence_1Transform =-0.751375 -0.498911 0.431884 217.797 -0.511117 0.853986 0.0972998 55.6523 -0.417367 -0.147635 -0.896666 2049.42 0 0 0 1 
Seq_Frame0033_Sequence_1TransformStatus = OK
Seq_Frame0033_Timestamp = 1.862
Seq_Frame0034_Sequence_1Transform =-0.750561 -0.497293 0.435152 218.262 -0.511907 0.853992 0.0929951 55.7377 -0.417862 -0.152959 -0.895542 2048.11 0 0 0 1 
Seq_Frame0034_Sequence_1TransformStatus = OK
Seq_Frame0034_Timestamp = 1.898
Seq_Frame0035_Sequence_1Transform =-0.750588 -0.48863 0.444813 218.973 -0.511509 0.855822 0.0769931 55.9314 -0.418302 -0.169736 -0.892308 2047.02 0 0 0 1 
Seq_Frame0035_Sequence_1TransformStatus = OK
Seq_Frame0035_Timestamp = 1.942
Seq_Frame0036_Sequence_1Transform =-0.748433 -0.499084 0.436765 219.751 -0.511627 0.853531 0.0985989 55.6718 -0.422001 -0.149666 -0.894156 2045.41 0 0 0 1 
Seq_Frame0036_Sequence_1TransformStatus = OK
Seq_Frame0036_Timestamp = 1.990
Seq_Frame0037_Sequence_1Transform =-0.745236 -0.495496 0.446213 220.102 -0.50921 0.854939 0.0989155 55.6611 -0.430498 -0.153501 -0.889443 2044.13 0 0 0 1 
Seq_Frame0037_Sequence_1TransformStatus = OK
Seq_Frame0037_Timestamp = 2.043
Seq_Frame0038_Sequence_1Transform =-0.747474 -0.488213 0.450479 220.731 -0.513254 0.854959 0.0749377 56.0033 -0.421727 -0.175196 -0.889636 2042.99 0 0 0 1 
Seq_Frame0038_Sequence_1TransformStatus = OK
Seq_Frame0038_Timestamp = 2.083
Seq_Frame0039_Sequence_1Transform =-0.746441 -0.493853 0.446021 221.01 -0.512358 0.854214 0.0883624 55.7543 -0.424635 -0.162565 -0.89065 2042.94 0 0 0 1 
Seq_Frame0039_Sequence_1TransformStatus = OK
Seq_Frame0039_Timestamp = 2.124
Seq_Frame0040_Sequence_1Transform =-0.745737 -0.494769 0.446184 221.406 -0.515907 0.852598 0.0831676 55.7328 -0.421564 -0.168168 -0.891069 2041.86 0 0 0 1 
Seq_Frame0040_Sequence_1TransformStatus = OK
Seq_Frame0040_Timestamp = 2.160
Seq_Frame0041_Sequence_1Transform =-0.739972 -0.495586 0.454791 221.818 -0.513879 0.852788 0.093173 55.7533 -0.434016 -0.164762 -0.885711 2040.07 0 0 0 1 
Seq_Frame0041_Sequence_1TransformStatus = OK
Seq_Frame0041_Timestamp = 2.209
Seq_Frame0042_Sequence_1Transform =-0.745989 -0.491018 0.449891 222.563 -0.512934 0.854495 0.0820838 55.8303 -0.424734 -0.169531 -0.889303 2038.59 0 0 0 1 
Seq_Frame0042_Sequence_1TransformStatus = OK
Seq_Frame0042_Timestamp = 2.252
Seq_Frame0043_Sequence_1Transform =-0.749102 -0.5003 0.434218 222.78 -0.509412 0.854066 0.105219 55.5205 -0.423492 -0.142376 -0.894642 2037.55 0 0 0 1 
Seq_Frame0043_Sequence_1TransformStatus = OK
Seq_Frame0043_Timestamp = 2.295
Seq_Frame0044_Sequence_1Transform =-0.748651 -0.498011 0.437614 222.839 -0.511523 0.853825 0.0965739 55.6005 -0.421741 -0.151549 -0.893962 2036.53 0 0 0 1 
Seq_Frame0044_Sequence_1TransformStatus = OK
Seq_Frame0044_Timestamp = 2.329
Seq_Frame0045_Sequence_1Transform =-0.746094 -0.494006 0.446432 222.928 -0.509844 0.855099 0.0941511 55.6662 -0.428254 -0.157365 -0.889851 2033.79 0 0 0 1 
Seq_Frame0045_Sequence_1TransformStatus = OK
Seq_Frame0045_Timestamp = 2.366
Seq_Frame0046_Sequence_1Transform =-0.755276 -0.492052 0.432947 223.189 -0.516894 0.853336 0.0681115 55.7829 -0.402964 -0.172345 -0.898842 2031.1 0 0 0 1 
Seq_Frame0046_Sequence_1TransformStatus = OK
Seq_Frame0046_Timestamp = 2.416
Seq_Frame0047_Sequence_1Transform =-0.754843 -0.490574 0.435372 223.271 -0.518849 0.852672 0.0612093 55.6722 -0.401257 -0.179689 -0.898167 2029.42 0 0 0 1 
Seq_Frame0047_Sequence_1TransformStatus = OK
Seq_Frame0047_Timestamp = 2.455
Seq_Frame0048_Sequence_1Transform =-0.750267 -0.489327 0.444587 223.447 -0.517592 0.853117 0.0654999 55.3332 -0.411336 -0.180972 -0.893338 2027.13 0 0 0 1 
Seq_Frame0048_Sequence_1TransformStatus = OK
Seq_Frame0048_Timestamp = 2.500
Seq_Frame0049_Sequence_1Transform =-0.748638 -0.491021 0.445466 223.735 -0.514291 0.854136 0.0771791 55.0725 -0.418385 -0.17132 -0.891966 2025.35 0 0 0 1 
Seq_Frame0049_Sequence_1TransformStatus = OK
Seq_Frame0049_Timestamp = 2.548
Seq_Frame0050_Sequence_1Transform =-0.748465 -0.487575 0.449522 223.931 -0.515291 0.854264 0.0686077 55.1066 -0.417462 -0.180284 -0.890631 2024.46 0 0 0 1 
Seq_Frame0050_Sequence_1TransformStatus = OK
Seq_Frame0050_Timestamp = 2.586
Seq_Frame0051_Sequence_1Transform =-0.751772 -0.488071 0.443424 224.603 -0.512566 0.855564 0.0727148 55.0565 -0.414868 -0.172619 -0.893357 2023.26 0 0 0 1 
Seq_Frame0051_Sequence_1TransformStatus = OK
Seq_Frame0051_Timestamp = 2.633
Seq_Frame0052_Sequence_1Transform =-0.749093 -0.486119 0.450053 225.16 -0.518134 0.853247 0.0592139 55.1038 -0.412792 -0.188831 -0.891036 2021.7 0 0 0 1 
Seq_Frame0052_Sequence_1TransformStatus = OK
Seq_Frame0052_Timestamp = 2.688
Seq_Frame0053_Sequence_1Transform =-0.747336 -0.487851 0.451098 225.61 -0.512199 0.855446 0.0765808 54.842 -0.42325 -0.173821 -0.889183 2020.11 0 0 0 1 
Seq_Frame0053_Sequence_1TransformStatus = OK
Seq_Frame0053_Timestamp = 2.736
Seq_Frame0054_Sequence_1Transform =-0.748322 -0.487108 0.450267 226.285 -0.512175 0.855648 0.0744475 54.7392 -0.421534 -0.174905 -0.889785 2019.72 0 0 0 1 
Seq_Frame0054_Sequence_1TransformStatus = OK
Seq_Frame0054_Timestamp = 2.784
Seq_Frame0055_Sequence_1Transform =-0.745331 -0.485812 0.456584 226.53 -0.514621 0.854617 0.0692528 54.6541 -0.423848 -0.183351 -0.886981 2018.68 0 0 0 1 
Seq_Frame0055_Sequence_1TransformStatus = OK
Seq_Frame0055_Timestamp = 2.818
Seq_Frame0056_Sequence_1Transform =-0.750037 -0.485537 0.449109 226.843 -0.515736 0.854467 0.0624664 54.5881 -0.414079 -0.18477 -0.89129 2017.7 0 0 0 1 
Seq_Frame0056_Sequence_1TransformStatus = OK
Seq_Frame0056_Timestamp = 2.852
Seq_Frame0057_Sequence_1Transform =-0.749029 -0.484285 0.452132 227.067 -0.518238 0.853429 0.0555752 54.5312 -0.412777 -0.192684 -0.890218 2016.77 0 0 0 1 
Seq_Frame0057_Sequence_1TransformStatus = OK
Seq_Frame0057_Timestamp = 2.887
Seq_Frame0058_Sequence_1Transform =-0.747958 -0.485392 0.452717 227.241 -0.515125 0.854628 0.0652455 54.3086 -0.418575 -0.184405 -0.889264 2015.68 0 0 0 1 
Seq_Frame0058_Sequence_1TransformStatus = OK
Seq_Frame0058_Timestamp = 2.925
Seq_Frame0059_Sequence_1Transform =-0.746883 -0.485528 0.454344 227.47 -0.513935 0.855057 0.0689028 54.2379 -0.421944 -0.182041 -0.888158 2015.04 0 0 0 1 
Seq_Frame0059_Sequence_1TransformStatus = OK
Seq_Frame0059_Timestamp = 2.980
Seq_Frame0060_Sequence_1Transform =-0.749937 -0.485499 0.449315 227.667 -0.515415 0.854609 0.0631705 54.0314 -0.414658 -0.18421 -0.891137 2014.53 0 0 0 1 
Seq_Frame0060_Sequence_1TransformStatus = OK
Seq_Frame0060_Timestamp = 3.020
Seq_Frame0061_Sequence_1Transform =-0.742815 -0.481115 0.465569 227.68 -0.520924 0.852167 0.0494894 53.74 -0.420552 -0.205764 -0.883627 2013.25 0 0 0 1 
Seq_Frame0061_Sequence_1TransformStatus = OK
Seq_Frame0061_Timestamp = 3.069
Seq_Frame0062_Sequence_1Transform =-0.741659 -0.480416 0.468127 227.755 -0.521588 0.851854 0.0478579 53.6561 -0.421768 -0.208675 -0.882364 2012.9 0 0 0 1 
Seq_Frame0062_Sequence_1TransformStatus = OK
Seq_Frame0062_Timestamp = 3.111
Seq_Frame0063_Sequence_1Transform =-0.74611 -0.480089 0.46134 227.957 -0.520912 0.852443 0.044632 53.6615 -0.414694 -0.207018 -0.8861 2012 0 0 0 1 
Seq_Frame0063_Sequence_1TransformStatus = OK
Seq_Frame0063_Timestamp = 3.153
Seq_Frame0064_Sequence_1Transform =-0.744537 -0.479248 0.464744 227.982 -0.514467 0.855543 0.0580471 53.6448 -0.425427 -0.195877 -0.883541 2011.8 0 0 0 1 
Seq_Frame0064_Sequence_1TransformStatus = OK
Seq_Frame0064_Timestamp = 3.190
Seq_Frame0065_Sequence_1Transform =-0.744022 -0.479711 0.46509 227.936 -0.51793 0.853833 0.0521218 53.8773 -0.422113 -0.202105 -0.883727 2010.49 0 0 0 1 
Seq_Frame0065_Sequence_1TransformStatus = OK
Seq_Frame0065_Timestamp = 3.233
Seq_Frame0066_Sequence_1Transform =-0.740515 -0.480613 0.469732 228.298 -0.515433 0.85469 0.0619272 54.012 -0.431238 -0.196257 -0.880634 2008.79 0 0 0 1 
Seq_Frame0066_Sequence_1TransformStatus = OK
Seq_Frame0066_Timestamp = 3.293
Seq_Frame0067_Sequence_1Transform =-0.742769 -0.48144 0.465306 228.451 -0.512222 0.856144 0.0681694 54.0799 -0.431188 -0.187706 -0.882521 2008.43 0 0 0 1 
Seq_Frame0067_Sequence_1TransformStatus = OK
Seq_Frame0067_Timestamp = 3.327
Seq_Frame0068_Sequence_1Transform =-0.746477 -0.480947 0.459851 229.212 -0.51812 0.853736 0.0518364 54.9099 -0.417521 -0.199563 -0.886482 2007.17 0 0 0 1 
Seq_Frame0068_Sequence_1TransformStatus = OK
Seq_Frame0068_Timestamp = 3.388
Seq_Frame0069_Sequence_1Transform =-0.747547 -0.480866 0.458193 229.906 -0.520662 0.852561 0.0452828 55.6121 -0.412413 -0.204713 -0.887698 2005.99 0 0 0 1 
Seq_Frame0069_Sequence_1TransformStatus = OK
Seq_Frame0069_Timestamp = 3.433
Seq_Frame0070_Sequence_1Transform =-0.746656 -0.480828 0.459684 230.369 -0.52083 0.852438 0.0456746 56.0078 -0.413814 -0.205314 -0.886907 2004.9 0 0 0 1 
Seq_Frame0070_Sequence_1TransformStatus = OK
Seq_Frame0070_Timestamp = 3.484
Seq_Frame0071_Sequence_1Transform =-0.739196 -0.481135 0.471274 230.817 -0.517614 0.853541 0.0595204 56.2727 -0.430889 -0.199941 -0.879976 2004.14 0 0 0 1 
Seq_Frame0071_Sequence_1TransformStatus = OK
Seq_Frame0071_Timestamp = 3.519
Seq_Frame0072_Sequence_1Transform =-0.746422 -0.481869 0.458974 232.04 -0.520953 0.85226 0.0475565 56.9114 -0.414081 -0.203606 -0.887176 2003.19 0 0 0 1 
Seq_Frame0072_Sequence_1TransformStatus = OK
Seq_Frame0072_Timestamp = 3.567
Seq_Frame0073_Sequence_1Transform =-0.742564 -0.485287 0.461623 232.837 -0.51771 0.853151 0.0641014 57.2882 -0.424942 -0.191387 -0.884757 2002.27 0 0 0 1 
Seq_Frame0073_Sequence_1TransformStatus = OK
Seq_Frame0073_Timestamp = 3.626
Seq_Frame0074_Sequence_1Transform =-0.739203 -0.484429 0.467876 233.811 -0.519041 0.852456 0.0625751 57.4027 -0.429157 -0.196591 -0.881576 2001.3 0 0 0 1 
Seq_Frame0074_Sequence_1TransformStatus = OK
Seq_Frame0074_Timestamp = 3.693
Seq_Frame0075_Sequence_1Transform =-0.739283 -0.48547 0.466668 234.27 -0.521044 0.851399 0.0602782 57.3691 -0.426584 -0.198592 -0.882376 2000.08 0 0 0 1 
Seq_Frame0075_Sequence_1TransformStatus = OK
Seq_Frame0075_Timestamp = 3.741
Seq_Frame0076_Sequence_1Transform =-0.738843 -0.488016 0.464706 234.232 -0.519915 0.851537 0.0676301 57.1233 -0.428719 -0.191639 -0.882878 1998.75 0 0 0 1 
Seq_Frame0076_Sequence_1TransformStatus = OK
Seq_Frame0076_Timestamp = 3.802
Seq_Frame0077_Sequence_1Transform =-0.739323 -0.48849 0.463444 234.173 -0.519857 0.851524 0.0682257 57.0999 -0.427961 -0.190484 -0.883496 1998.14 0 0 0 1 
Seq_Frame0077_Sequence_1TransformStatus = OK
Seq_Frame0077_Timestamp = 3.839
Seq_Frame0078_Sequence_1Transform =-0.73711 -0.482941 0.472691 234.139 -0.519691 0.852223 0.0603021 57.0869 -0.43196 -0.201204 -0.879163 1996.39 0 0 0 1 
Seq_Frame0078_Sequence_1TransformStatus = OK
Seq_Frame0078_Timestamp = 3.893
Seq_Frame0079_Sequence_1Transform =-0.737793 -0.478255 0.476376 234.065 -0.519495 0.852908 0.0516977 57.0722 -0.43103 -0.209333 -0.87772 1995.49 0 0 0 1 
Seq_Frame0079_Sequence_1TransformStatus = OK
Seq_Frame0079_Timestamp = 3.933
Seq_Frame0080_Sequence_1Transform =-0.737944 -0.473397 0.480971 234.042 -0.518865 0.853714 0.0441859 57.0647 -0.431529 -0.216952 -0.875622 1994.42 0 0 0 1 
Seq_Frame0080_Sequence_1TransformStatus = OK
Seq_Frame0080_Timestamp = 3.972
Seq_Frame0081_Sequence_1Transform =-0.73762 -0.47135 0.483473 234.038 -0.516619 0.855012 0.0453832 56.9443 -0.434767 -0.216296 -0.874182 1993.37 0 0 0 1 
Seq_Frame0081_Sequence_1TransformStatus = OK
Seq_Frame0081_Timestamp = 4.015
Seq_Frame0082_Sequence_1Transform =-0.739454 -0.470123 0.481863 233.983 -0.516535 0.855248 0.0417496 56.6947 -0.43174 -0.218027 -0.875251 1992.15 0 0 0 1 
Seq_Frame0082_Sequence_1TransformStatus = OK
Seq_Frame0082_Timestamp = 4.064
Seq_Frame0083_Sequence_1Transform =-0.736713 -0.468852 0.487269 233.644 -0.516927 0.855039 0.0411682 56.5108 -0.435936 -0.221553 -0.872281 1991.45 0 0 0 1 
Seq_Frame0083_Sequence_1TransformStatus = OK
Seq_Frame0083_Timestamp = 4.114
Seq_Frame0084_Sequence_1Transform =-0.745355 -0.466034 0.476717 233.673 -0.51151 0.858374 0.0393847 56.5981 -0.427556 -0.21449 -0.878174 1990.9 0 0 0 1 
Seq_Frame0084_Sequence_1TransformStatus = OK
Seq_Frame0084_Timestamp = 4.148
Seq_Frame0085_Sequence_1Transform =-0.749599 -0.464909 0.471127 233.752 -0.511158 0.858807 0.0341808 56.7149 -0.420498 -0.215199 -0.881403 1990.67 0 0 0 1 
Seq_Frame0085_Sequence_1TransformStatus = OK
Seq_Frame0085_Timestamp = 4.203
Seq_Frame0086_Sequence_1Transform =-0.741949 -0.458967 0.488733 233.502 -0.511115 0.858963 0.0307215 56.7674 -0.433904 -0.227005 -0.871892 1990.29 0 0 0 1 
Seq_Frame0086_Sequence_1TransformStatus = OK
Seq_Frame0086_Timestamp = 4.258
Seq_Frame0087_Sequence_1Transform =-0.743584 -0.465992 0.479515 233.712 -0.498245 0.864412 0.0674061 56.4693 -0.445909 -0.188794 -0.874941 1989.96 0 0 0 1 
Seq_Frame0087_Sequence_1TransformStatus = OK
Seq_Frame0087_Timestamp = 4.307
Seq_Frame0088_Sequence_1Transform =-0.743426 -0.460845 0.484706 234.548 -0.504276 0.862295 0.0464038 56.2674 -0.439344 -0.209928 -0.873445 1986.76 0 0 0 1 
Seq_Frame0088_Sequence_1TransformStatus = OK
Seq_Frame0088_Timestamp = 4.367
Seq_Frame0089_Sequence_1Transform =-0.745165 -0.462609 0.480334 234.691 -0.505486 0.861626 0.0456464 56.089 -0.434985 -0.208789 -0.875897 1986.21 0 0 0 1 
Seq_Frame0089_Sequence_1TransformStatus = OK
Seq_Frame0089_Timestamp = 4.401
Seq_Frame0090_Sequence_1Transform =-0.742549 -0.465935 0.481172 234.545 -0.510191 0.858915 0.0443843 55.3248 -0.433966 -0.212532 -0.875502 1983.46 0 0 0 1 
Seq_Frame0090_Sequence_1TransformStatus = OK
Seq_Frame0090_Timestamp = 4.470
Seq_Frame0091_Sequence_1Transform =-0.741387 -0.471468 0.47756 234.216 -0.509479 0.858612 0.0567201 54.5455 -0.43678 -0.201255 -0.876767 1981.56 0 0 0 1 
Seq_Frame0091_Sequence_1TransformStatus = OK
Seq_Frame0091_Timestamp = 4.518
Seq_Frame0092_Sequence_1Transform =-0.743671 -0.472356 0.473111 234.119 -0.51131 0.857779 0.0526954 54.4923 -0.430716 -0.202718 -0.879425 1980.72 0 0 0 1 
Seq_Frame0092_Sequence_1TransformStatus = OK
Seq_Frame0092_Timestamp = 4.561
Seq_Frame0093_Sequence_1Transform =-0.746551 -0.473924 0.466966 234.379 -0.51072 0.85803 0.0543136 54.6928 -0.426412 -0.197941 -0.882605 1980.66 0 0 0 1 
Seq_Frame0093_Sequence_1TransformStatus = OK
Seq_Frame0093_Timestamp = 4.603
Seq_Frame0094_Sequence_1Transform =-0.747007 -0.477921 0.462139 236.02 -0.515554 0.855327 0.0511888 55.3267 -0.419744 -0.200019 -0.885329 1979.71 0 0 0 1 
Seq_Frame0094_Sequence_1TransformStatus = OK
Seq_Frame0094_Timestamp = 4.659
Seq_Frame0095_Sequence_1Transform =-0.750057 -0.482286 0.452565 237.482 -0.520793 0.852479 0.0453273 55.343 -0.407662 -0.201695 -0.890579 1977.73 0 0 0 1 
Seq_Frame0095_Sequence_1TransformStatus = OK
Seq_Frame0095_Timestamp = 4.719
Seq_Frame0096_Sequence_1Transform =-0.744916 -0.486797 0.456211 238.208 -0.522403 0.850925 0.0549768 55.0971 -0.414964 -0.197373 -0.888172 1976.42 0 0 0 1 
Seq_Frame0096_Sequence_1TransformStatus = OK
Seq_Frame0096_Timestamp = 4.760
Seq_Frame0097_Sequence_1Transform =-0.743259 -0.485133 0.460664 238.945 -0.530009 0.847183 0.0370381 55.1292 -0.408235 -0.216627 -0.886802 1974.63 0 0 0 1 
Seq_Frame0097_Sequence_1TransformStatus = OK
Seq_Frame0097_Timestamp = 4.803
Seq_Frame0098_Sequence_1Transform =-0.737882 -0.491305 0.462763 239.668 -0.533849 0.84437 0.0452177 55.4693 -0.412959 -0.21368 -0.885328 1972.09 0 0 0 1 
Seq_Frame0098_Sequence_1TransformStatus = OK
Seq_Frame0098_Timestamp = 4.851
Seq_Frame0099_Sequence_1Transform =-0.739018 -0.485624 0.466927 240.671 -0.531458 0.84619 0.0389215 56.1978 -0.414011 -0.219389 -0.883439 1970.66 0 0 0 1 
Seq_Frame0099_Sequence_1TransformStatus = OK
Seq_Frame0099_Timestamp = 4.911
Seq_Frame0100_Sequence_1Transform =-0.748167 -0.489418 0.448014 241.643 -0.532392 0.84578 0.0348692 56.9266 -0.395986 -0.212431 -0.893347 1968 0 0 0 1 
Seq_Frame0100_Sequence_1TransformStatus = OK
Seq_Frame0100_Timestamp = 4.960
Seq_Frame0101_Sequence_1Transform =-0.737913 -0.487931 0.46627 242.49 -0.526997 0.848178 0.0535615 57.0925 -0.421614 -0.206199 -0.883019 1967.17 0 0 0 1 
Seq_Frame0101_Sequence_1TransformStatus = OK
Seq_Frame0101_Timestamp = 4.996
Seq_Frame0102_Sequence_1Transform =-0.738414 -0.48686 0.466596 243.329 -0.529468 0.847084 0.045961 57.1645 -0.417623 -0.213109 -0.883276 1963.89 0 0 0 1 
Seq_Frame0102_Sequence_1TransformStatus = OK
Seq_Frame0102_Timestamp = 5.047
Seq_Frame0103_Sequence_1Transform =-0.73916 -0.484609 0.467756 243.854 -0.534117 0.844833 0.0312471 57.3457 -0.410319 -0.22674 -0.883305 1963.09 0 0 0 1 
Seq_Frame0103_Sequence_1TransformStatus = OK
Seq_Frame0103_Timestamp = 5.088
Seq_Frame0104_Sequence_1Transform =-0.740569 -0.483766 0.466399 244.286 -0.531294 0.846489 0.0343976 57.3771 -0.411442 -0.222321 -0.883905 1962.32 0 0 0 1 
Seq_Frame0104_Sequence_1TransformStatus = OK
Seq_Frame0104_Timestamp = 5.138
Seq_Frame0105_Sequence_1Transform =-0.744131 -0.484529 0.459893 244.821 -0.527818 0.848423 0.0398342 57.3423 -0.409485 -0.213098 -0.88708 1961.24 0 0 0 1 
Seq_Frame0105_Sequence_1TransformStatus = OK
Seq_Frame0105_Timestamp = 5.172
Seq_Frame0106_Sequence_1Transform =-0.747106 -0.485287 0.454235 245.392 -0.526266 0.849293 0.0417709 57.2871 -0.40605 -0.207841 -0.889902 1960.96 0 0 0 1 
Seq_Frame0106_Sequence_1TransformStatus = OK
Seq_Frame0106_Timestamp = 5.206
Seq_Frame0107_Sequence_1Transform =-0.745741 -0.481139 0.460842 246.01 -0.529014 0.848104 0.0293997 57.4451 -0.404987 -0.221867 -0.886995 1960.04 0 0 0 1 
Seq_Frame0107_Sequence_1TransformStatus = OK
Seq_Frame0107_Timestamp = 5.251
Seq_Frame0108_Sequence_1Transform =-0.748332 -0.480476 0.457321 246.481 -0.528824 0.848334 0.0259518 57.5222 -0.400431 -0.222422 -0.888923 1959.19 0 0 0 1 
Seq_Frame0108_Sequence_1TransformStatus = OK
Seq_Frame0108_Timestamp = 5.287
Seq_Frame0109_Sequence_1Transform =-0.747348 -0.479208 0.460251 246.977 -0.528811 0.848382 0.0246508 57.5724 -0.402282 -0.224963 -0.887446 1958.5 0 0 0 1 
Seq_Frame0109_Sequence_1TransformStatus = OK
Seq_Frame0109_Timestamp = 5.330
Seq_Frame0110_Sequence_1Transform =-0.742999 -0.477215 0.469274 247.504 -0.531276 0.84696 0.0201245 57.6756 -0.40706 -0.234361 -0.882823 1957.64 0 0 0 1 
Seq_Frame0110_Sequence_1TransformStatus = OK
Seq_Frame0110_Timestamp = 5.366
Seq_Frame0111_Sequence_1Transform =-0.744861 -0.477632 0.465885 247.942 -0.530521 0.847422 0.0205874 57.7692 -0.404635 -0.231827 -0.884605 1957.4 0 0 0 1 
Seq_Frame0111_Sequence_1TransformStatus = OK
Seq_Frame0111_Timestamp = 5.402
Seq_Frame0112_Sequence_1Transform =-0.742216 -0.477023 0.470707 248.401 -0.530843 0.847197 0.0215249 57.8462 -0.409049 -0.233895 -0.882027 1957.21 0 0 0 1 
Seq_Frame0112_Sequence_1TransformStatus = OK
Seq_Frame0112_Timestamp = 5.451
Seq_Frame0113_Sequence_1Transform =-0.741011 -0.479093 0.470501 248.822 -0.528489 0.848355 0.03151 57.7296 -0.414249 -0.225305 -0.881836 1956.46 0 0 0 1 
Seq_Frame0113_Sequence_1TransformStatus = OK
Seq_Frame0113_Timestamp = 5.502
Seq_Frame0114_Sequence_1Transform =-0.738306 -0.477503 0.476336 249.089 -0.531338 0.846782 0.0252987 57.6483 -0.415433 -0.234417 -0.878899 1955.69 0 0 0 1 
Seq_Frame0114_Sequence_1TransformStatus = OK
Seq_Frame0114_Timestamp = 5.541
Seq_Frame0115_Sequence_1Transform =-0.744216 -0.479125 0.465384 249.598 -0.53075 0.847204 0.0234728 57.6297 -0.405522 -0.229534 -0.884797 1955.18 0 0 0 1 
Seq_Frame0115_Sequence_1TransformStatus = OK
Seq_Frame0115_Timestamp = 5.584
Seq_Frame0116_Sequence_1Transform =-0.741564 -0.477901 0.470844 250.034 -0.534649 0.844932 0.0155408 57.7059 -0.405258 -0.240212 -0.882079 1954.05 0 0 0 1 
Seq_Frame0116_Sequence_1TransformStatus = OK
Seq_Frame0116_Timestamp = 5.632
Seq_Frame0117_Sequence_1Transform =-0.739024 -0.477464 0.47526 250.397 -0.533537 0.845545 0.0198212 57.7728 -0.411317 -0.23892 -0.879622 1953.51 0 0 0 1 
Seq_Frame0117_Sequence_1TransformStatus = OK
Seq_Frame0117_Timestamp = 5.666
Seq_Frame0118_Sequence_1Transform =-0.735927 -0.478213 0.479296 251.043 -0.533039 0.845711 0.0253547 57.8256 -0.417471 -0.236824 -0.877287 1952.85 0 0 0 1 
Seq_Frame0118_Sequence_1TransformStatus = OK
Seq_Frame0118_Timestamp = 5.717
Seq_Frame0119_Sequence_1Transform =-0.736302 -0.482937 0.473954 251.304 -0.533143 0.845376 0.0331445 57.782 -0.416676 -0.228281 -0.879926 1952.39 0 0 0 1 
Seq_Frame0119_Sequence_1TransformStatus = OK
Seq_Frame0119_Timestamp = 5.753
Seq_Frame0120_Sequence_1Transform =-0.726395 -0.476524 0.495252 252.596 -0.536855 0.843332 0.0240262 58.0516 -0.429111 -0.248426 -0.868417 1949.57 0 0 0 1 
Seq_Frame0120_Sequence_1TransformStatus = OK
Seq_Frame0120_Timestamp = 5.814
Seq_Frame0121_Sequence_1Transform =-0.728615 -0.479769 0.488817 253.667 -0.537736 0.842725 0.0255944 58.3542 -0.424217 -0.244206 -0.872011 1948.88 0 0 0 1 
Seq_Frame0121_Sequence_1TransformStatus = OK
Seq_Frame0121_Timestamp = 5.855
Seq_Frame0122_Sequence_1Transform =-0.726916 -0.478686 0.492396 254.793 -0.541405 0.840571 0.017899 58.7187 -0.422462 -0.253574 -0.870187 1947.11 0 0 0 1 
Seq_Frame0122_Sequence_1TransformStatus = OK
Seq_Frame0122_Timestamp = 5.889
Seq_Frame0123_Sequence_1Transform =-0.7277 -0.477959 0.491944 256.059 -0.542077 0.840205 0.0144608 59.1999 -0.420245 -0.256148 -0.870507 1945.6 0 0 0 1 
Seq_Frame0123_Sequence_1TransformStatus = OK
Seq_Frame0123_Timestamp = 5.930
Seq_Frame0124_Sequence_1Transform =-0.722196 -0.476566 0.501316 257.357 -0.540218 0.841251 0.02148 59.6234 -0.431969 -0.255307 -0.864998 1944.24 0 0 0 1 
Seq_Frame0124_Sequence_1TransformStatus = OK
Seq_Frame0124_Timestamp = 5.965
Seq_Frame0125_Sequence_1Transform =-0.723309 -0.484288 0.492229 258.635 -0.541007 0.840414 0.0318695 60.0733 -0.429111 -0.243248 -0.869882 1943.02 0 0 0 1 
Seq_Frame0125_Sequence_1TransformStatus = OK
Seq_Frame0125_Timestamp = 6.003
Seq_Frame0126_Sequence_1Transform =-0.720845 -0.47716 0.502693 260.709 -0.546817 0.837186 0.0105454 60.9625 -0.425879 -0.267279 -0.864401 1940.71 0 0 0 1 
Seq_Frame0126_Sequence_1TransformStatus = OK
Seq_Frame0126_Timestamp = 6.053
Seq_Frame0127_Sequence_1Transform =-0.714763 -0.483546 0.50527 262.259 -0.54623 0.837152 0.0284517 61.466 -0.436745 -0.255657 -0.862492 1939.33 0 0 0 1 
Seq_Frame0127_Sequence_1TransformStatus = OK
Seq_Frame0127_Timestamp = 6.101
Seq_Frame0128_Sequence_1Transform =-0.714197 -0.481729 0.507799 262.809 -0.551911 0.833773 0.0147288 61.7199 -0.430485 -0.269741 -0.861349 1938.29 0 0 0 1 
Seq_Frame0128_Sequence_1TransformStatus = OK
Seq_Frame0128_Timestamp = 6.135
Seq_Frame0129_Sequence_1Transform =-0.714159 -0.490393 0.499492 264.252 -0.549429 0.834845 0.0340806 61.8313 -0.433711 -0.250096 -0.865648 1937.11 0 0 0 1 
Seq_Frame0129_Sequence_1TransformStatus = OK
Seq_Frame0129_Timestamp = 6.186
Seq_Frame0130_Sequence_1Transform =-0.715263 -0.492163 0.49616 265.02 -0.552617 0.832911 0.0295514 62.0115 -0.427802 -0.253049 -0.867728 1935.7 0 0 0 1 
Seq_Frame0130_Sequence_1TransformStatus = OK
Seq_Frame0130_Timestamp = 6.220
Seq_Frame0131_Sequence_1Transform =-0.711309 -0.492587 0.501396 265.722 -0.560203 0.828141 0.018854 62.1079 -0.424514 -0.267473 -0.865012 1933.49 0 0 0 1 
Seq_Frame0131_Sequence_1TransformStatus = OK
Seq_Frame0131_Timestamp = 6.263
Seq_Frame0132_Sequence_1Transform =-0.710439 -0.496566 0.498696 266.076 -0.556183 0.830345 0.034463 61.9314 -0.431203 -0.252883 -0.866091 1932.21 0 0 0 1 
Seq_Frame0132_Sequence_1TransformStatus = OK
Seq_Frame0132_Timestamp = 6.314
Seq_Frame0133_Sequence_1Transform =-0.714974 -0.497273 0.491459 266.474 -0.558387 0.829153 0.0266198 61.9045 -0.420732 -0.255392 -0.870494 1930.42 0 0 0 1 
Seq_Frame0133_Sequence_1TransformStatus = OK
Seq_Frame0133_Timestamp = 6.349
Seq_Frame0134_Sequence_1Transform =-0.719885 -0.496595 0.484932 266.86 -0.560808 0.827806 0.0151912 61.9207 -0.408974 -0.261018 -0.87442 1928.58 0 0 0 1 
Seq_Frame0134_Sequence_1TransformStatus = OK
Seq_Frame0134_Timestamp = 6.383
Seq_Frame0135_Sequence_1Transform =-0.70742 -0.496587 0.502949 267.29 -0.562993 0.826119 0.0237944 61.7727 -0.427312 -0.266324 -0.863989 1926.65 0 0 0 1 
Seq_Frame0135_Sequence_1TransformStatus = OK
Seq_Frame0135_Timestamp = 6.434
Seq_Frame0136_Sequence_1Transform =-0.716445 -0.496414 0.490184 267.504 -0.559625 0.828478 0.0210696 61.8326 -0.416566 -0.259224 -0.871364 1925.99 0 0 0 1 
Seq_Frame0136_Sequence_1TransformStatus = OK
Seq_Frame0136_Timestamp = 6.474
Seq_Frame0137_Sequence_1Transform =-0.719926 -0.493831 0.487686 267.672 -0.55661 0.830549 0.0193431 61.6476 -0.414599 -0.257525 -0.872805 1923.02 0 0 0 1 
Seq_Frame0137_Sequence_1TransformStatus = OK
Seq_Frame0137_Timestamp = 6.519
Seq_Frame0138_Sequence_1Transform =-0.724389 -0.496895 0.477867 269.109 -0.547816 0.835709 0.0385618 62.0057 -0.418519 -0.23385 -0.877585 1916.92 0 0 0 1 
Seq_Frame0138_Sequence_1TransformStatus = OK
Seq_Frame0138_Timestamp = 6.642
Seq_Frame0139_Sequence_1Transform =-0.730933 -0.491605 0.473351 270.301 -0.548585 0.835832 0.0209579 62.7059 -0.405945 -0.244355 -0.880624 1913.69 0 0 0 1 
Seq_Frame0139_Sequence_1TransformStatus = OK
Seq_Frame0139_Timestamp = 6.701
Seq_Frame0140_Sequence_1Transform =-0.726734 -0.495965 0.475264 271.453 -0.544428 0.837767 0.0417628 63.2632 -0.418874 -0.228397 -0.878851 1912.35 0 0 0 1 
Seq_Frame0140_Sequence_1TransformStatus = OK
Seq_Frame0140_Timestamp = 6.747
Seq_Frame0141_Sequence_1Transform =-0.7289 -0.496226 0.47166 272.037 -0.546178 0.836878 0.0364068 63.5883 -0.412788 -0.231073 -0.881028 1911.23 0 0 0 1 
Seq_Frame0141_Sequence_1TransformStatus = OK
Seq_Frame0141_Timestamp = 6.792
Seq_Frame0142_Sequence_1Transform =-0.728498 -0.496959 0.47151 272.803 -0.546034 0.836882 0.0384096 64.1689 -0.413686 -0.22948 -0.881024 1909.04 0 0 0 1 
Seq_Frame0142_Sequence_1TransformStatus = OK
Seq_Frame0142_Timestamp = 6.832
Seq_Frame0143_Sequence_1Transform =-0.727145 -0.503822 0.466286 273.23 -0.541337 0.838528 0.0618464 64.5219 -0.422154 -0.207447 -0.882469 1908.36 0 0 0 1 
Seq_Frame0143_Sequence_1TransformStatus = OK
Seq_Frame0143_Timestamp = 6.866
Seq_Frame0144_Sequence_1Transform =-0.7283 -0.501461 0.467029 274.02 -0.543941 0.837568 0.0510796 65.1501 -0.416783 -0.216835 -0.882766 1905.97 0 0 0 1 
Seq_Frame0144_Sequence_1TransformStatus = OK
Seq_Frame0144_Timestamp = 6.916
Seq_Frame0145_Sequence_1Transform =-0.728733 -0.500002 0.467917 274.355 -0.545053 0.837155 0.0456944 65.4308 -0.414566 -0.22174 -0.882591 1904.78 0 0 0 1 
Seq_Frame0145_Sequence_1TransformStatus = OK
Seq_Frame0145_Timestamp = 6.953
Seq_Frame0146_Sequence_1Transform =-0.726666 -0.499528 0.471623 274.562 -0.545009 0.837117 0.0469114 65.5895 -0.418237 -0.22295 -0.880551 1903.45 0 0 0 1 
Seq_Frame0146_Sequence_1TransformStatus = OK
Seq_Frame0146_Timestamp = 6.993
Seq_Frame0147_Sequence_1Transform =-0.737183 -0.497893 0.456797 276.173 -0.540621 0.840152 0.0432775 66.8347 -0.405327 -0.215051 -0.888517 1897.59 0 0 0 1 
Seq_Frame0147_Sequence_1TransformStatus = OK
Seq_Frame0147_Timestamp = 7.112
Seq_Frame0148_Sequence_1Transform =-0.738374 -0.499161 0.453477 276.508 -0.539466 0.840695 0.0470023 66.8969 -0.404698 -0.20993 -0.890028 1896.45 0 0 0 1 
Seq_Frame0148_Sequence_1TransformStatus = OK
Seq_Frame0148_Timestamp = 7.150
Seq_Frame0149_Sequence_1Transform =-0.740142 -0.501411 0.448082 276.986 -0.537534 0.841525 0.0537809 67.1142 -0.404039 -0.201054 -0.892373 1894.59 0 0 0 1 
Seq_Frame0149_Sequence_1TransformStatus = OK
Seq_Frame0149_Timestamp = 7.184
Seq_Frame0150_Sequence_1Transform =-0.740206 -0.504808 0.444144 277.526 -0.53728 0.841218 0.0606901 67.5976 -0.404258 -0.193706 -0.893898 1892.79 0 0 0 1 
Seq_Frame0150_Sequence_1TransformStatus = OK
Seq_Frame0150_Timestamp = 7.219
Seq_Frame0151_Sequence_1Transform =-0.741724 -0.510428 0.435096 278.134 -0.537721 0.840286 0.0691001 68.1406 -0.400876 -0.182707 -0.897728 1891.04 0 0 0 1 
Seq_Frame0151_Sequence_1TransformStatus = OK
Seq_Frame0151_Timestamp = 7.261
Seq_Frame0152_Sequence_1Transform =-0.742965 -0.51572 0.426656 278.694 -0.537758 0.839459 0.0782589 68.5824 -0.39852 -0.171294 -0.901022 1888.95 0 0 0 1 
Seq_Frame0152_Sequence_1TransformStatus = OK
Seq_Frame0152_Timestamp = 7.296
Seq_Frame0153_Sequence_1Transform =-0.742459 -0.512069 0.431903 279.367 -0.539615 0.839213 0.0673602 69.09 -0.396951 -0.183049 -0.899401 1885.87 0 0 0 1 
Seq_Frame0153_Sequence_1TransformStatus = OK
Seq_Frame0153_Timestamp = 7.337
Seq_Frame0154_Sequence_1Transform =-0.745818 -0.516586 0.420588 279.872 -0.544328 0.836559 0.0622576 69.3918 -0.384008 -0.182505 -0.905113 1883.13 0 0 0 1 
Seq_Frame0154_Sequence_1TransformStatus = OK
Seq_Frame0154_Timestamp = 7.372
Seq_Frame0155_Sequence_1Transform =-0.743497 -0.524069 0.415408 280.801 -0.540448 0.836731 0.0883079 70.0848 -0.393864 -0.15885 -0.905339 1879.27 0 0 0 1 
Seq_Frame0155_Sequence_1TransformStatus = OK
Seq_Frame0155_Timestamp = 7.416
Seq_Frame0156_Sequence_1Transform =-0.742093 -0.525395 0.416243 281.59 -0.541012 0.836097 0.0908115 70.9027 -0.395732 -0.157802 -0.904707 1874.46 0 0 0 1 
Seq_Frame0156_Sequence_1TransformStatus = OK
Seq_Frame0156_Timestamp = 7.477
Seq_Frame0157_Sequence_1Transform =-0.754311 -0.530088 0.387328 282.31 -0.539132 0.836813 0.0952969 71.81 -0.374637 -0.136937 -0.917004 1869.3 0 0 0 1 
Seq_Frame0157_Sequence_1TransformStatus = OK
Seq_Frame0157_Timestamp = 7.528
Seq_Frame0158_Sequence_1Transform =-0.758855 -0.531709 0.376065 282.857 -0.535967 0.83791 0.103183 72.3647 -0.369972 -0.123258 -0.92083 1866.12 0 0 0 1 
Seq_Frame0158_Sequence_1TransformStatus = OK
Seq_Frame0158_Timestamp = 7.563
Seq_Frame0159_Sequence_1Transform =-0.760645 -0.535257 0.367313 283.467 -0.53845 0.836267 0.103585 73.1242 -0.362616 -0.118988 -0.924311 1863.66 0 0 0 1 
Seq_Frame0159_Sequence_1TransformStatus = OK
Seq_Frame0159_Timestamp = 7.599
Seq_Frame0160_Sequence_1Transform =-0.759096 -0.533231 0.373414 284.128 -0.529643 0.839405 0.121973 73.9126 -0.378486 -0.105187 -0.919611 1859.89 0 0 0 1 
Seq_Frame0160_Sequence_1TransformStatus = OK
Seq_Frame0160_Timestamp = 7.658
Seq_Frame0161_Sequence_1Transform =-0.760772 -0.538191 0.362733 285.092 -0.533733 0.836787 0.122135 74.7054 -0.369262 -0.100686 -0.923855 1857.38 0 0 0 1 
Seq_Frame0161_Sequence_1TransformStatus = OK
Seq_Frame0161_Timestamp = 7.699
Seq_Frame0162_Sequence_1Transform =-0.763302 -0.542152 0.351342 285.965 -0.529668 0.836547 0.140146 75.3498 -0.369895 -0.079121 -0.925698 1855.22 0 0 0 1 
Seq_Frame0162_Sequence_1TransformStatus = OK
Seq_Frame0162_Timestamp = 7.739
Seq_Frame0163_Sequence_1Transform =-0.762891 -0.543659 0.349903 287.085 -0.531351 0.835549 0.139727 76.5149 -0.368325 -0.0793249 -0.926307 1851.76 0 0 0 1 
Seq_Frame0163_Sequence_1TransformStatus = OK
Seq_Frame0163_Timestamp = 7.786
Seq_Frame0164_Sequence_1Transform =-0.762085 -0.540739 0.356129 288.2 -0.535882 0.83546 0.121803 77.9621 -0.363395 -0.0980188 -0.926464 1848.09 0 0 0 1 
Seq_Frame0164_Sequence_1TransformStatus = OK
Seq_Frame0164_Timestamp = 7.832
Seq_Frame0165_Sequence_1Transform =-0.758777 -0.550563 0.348048 288.704 -0.539546 0.830624 0.137671 78.5427 -0.364894 -0.0833257 -0.927313 1846.33 0 0 0 1 
Seq_Frame0165_Sequence_1TransformStatus = OK
Seq_Frame0165_Timestamp = 7.881
Seq_Frame0166_Sequence_1Transform =-0.764965 -0.555225 0.326424 289.401 -0.540835 0.828958 0.14257 79.2689 -0.349751 -0.0674804 -0.934409 1844.69 0 0 0 1 
Seq_Frame0166_Sequence_1TransformStatus = OK
Seq_Frame0166_Timestamp = 7.917
Seq_Frame0167_Sequence_1Transform =-0.762653 -0.559971 0.323718 289.845 -0.542965 0.82624 0.150058 79.9245 -0.351497 -0.0613257 -0.934178 1842.49 0 0 0 1 
Seq_Frame0167_Sequence_1TransformStatus = OK
Seq_Frame0167_Timestamp = 7.961
Seq_Frame0168_Sequence_1Transform =-0.754467 -0.563835 0.33596 290.134 -0.544545 0.823491 0.159162 80.7541 -0.366401 -0.0628627 -0.928331 1838.66 0 0 0 1 
Seq_Frame0168_Sequence_1TransformStatus = OK
Seq_Frame0168_Timestamp = 8.002
Seq_Frame0169_Sequence_1Transform =-0.76064 -0.569659 0.311312 290.901 -0.551239 0.820061 0.153739 81.6646 -0.342874 -0.0546672 -0.937789 1835.6 0 0 0 1 
Seq_Frame0169_Sequence_1TransformStatus = OK
Seq_Frame0169_Timestamp = 8.064
Seq_Frame0170_Sequence_1Transform =-0.760209 -0.572138 0.307799 291.008 -0.556776 0.817883 0.145149 82.8059 -0.334789 -0.0610319 -0.940315 1831.98 0 0 0 1 
Seq_Frame0170_Sequence_1TransformStatus = OK
Seq_Frame0170_Timestamp = 8.114
